object={
	name="patriam_volcanic_smoke"
	render_pass=Map
	clamp_to_water_level=no
	generated_content=no
	layer="env_effect_layer"
	entity="patriam_volcanic_smoke"
	count=900
	transform="6914.124783 0.000000 948.552777 0.000000 0.000000 0.000000 1.000000 0.734912 0.734912 0.734912
8883.831113 0.000000 711.711209 0.000000 0.000000 0.000000 1.000000 1.629229 1.629229 1.629229
8020.179767 0.000000 1957.072308 0.000000 0.000000 0.000000 1.000000 1.171883 1.171883 1.171883
6572.574650 0.000000 644.432850 0.000000 0.000000 0.000000 1.000000 1.466078 1.466078 1.466078
7437.735289 0.000000 1448.937418 0.000000 0.000000 0.000000 1.000000 1.744026 1.744026 1.744026
5447.498704 0.000000 767.644311 0.000000 0.000000 0.000000 1.000000 0.983576 0.983576 0.983576
5221.339475 0.000000 101.574471 0.000000 0.000000 0.000000 1.000000 0.875077 0.875077 0.875077
5051.093076 0.000000 381.579369 0.000000 0.000000 0.000000 1.000000 1.843829 1.843829 1.843829
9029.146178 0.000000 1330.434918 0.000000 0.000000 0.000000 1.000000 1.858127 1.858127 1.858127
9004.530039 0.000000 261.854868 0.000000 0.000000 0.000000 1.000000 1.569514 1.569514 1.569514
6799.363052 0.000000 752.639102 0.000000 0.000000 0.000000 1.000000 1.990931 1.990931 1.990931
5377.247302 0.000000 284.783584 0.000000 0.000000 0.000000 1.000000 1.108551 1.108551 1.108551
6843.807737 0.000000 475.189767 0.000000 0.000000 0.000000 1.000000 1.308146 1.308146 1.308146
5461.266566 0.000000 136.732487 0.000000 0.000000 0.000000 1.000000 0.810901 0.810901 0.810901
5570.433105 0.000000 476.779961 0.000000 0.000000 0.000000 1.000000 1.178454 1.178454 1.178454
6755.043781 0.000000 1381.388785 0.000000 0.000000 0.000000 1.000000 1.793194 1.793194 1.793194
6968.586022 0.000000 1258.560322 0.000000 0.000000 0.000000 1.000000 1.262783 1.262783 1.262783
5356.492065 0.000000 921.731434 0.000000 0.000000 0.000000 1.000000 1.875962 1.875962 1.875962
5307.469873 0.000000 268.371854 0.000000 0.000000 0.000000 1.000000 0.980910 0.980910 0.980910
8918.482494 0.000000 1083.743746 0.000000 0.000000 0.000000 1.000000 0.795878 0.795878 0.795878
7558.368861 0.000000 1473.767894 0.000000 0.000000 0.000000 1.000000 1.315577 1.315577 1.315577
4995.466656 0.000000 320.819011 0.000000 0.000000 0.000000 1.000000 1.425583 1.425583 1.425583
5013.981809 0.000000 331.428556 0.000000 0.000000 0.000000 1.000000 1.651080 1.651080 1.651080
8111.230601 0.000000 701.705644 0.000000 0.000000 0.000000 1.000000 0.932711 0.932711 0.932711
7689.716948 0.000000 1250.025274 0.000000 0.000000 0.000000 1.000000 1.620968 1.620968 1.620968
8784.218353 0.000000 703.255805 0.000000 0.000000 0.000000 1.000000 0.980639 0.980639 0.980639
7928.001794 0.000000 880.151432 0.000000 0.000000 0.000000 1.000000 1.008717 1.008717 1.008717
8800.567181 0.000000 776.306944 0.000000 0.000000 0.000000 1.000000 1.359866 1.359866 1.359866
8862.257759 0.000000 1218.391561 0.000000 0.000000 0.000000 1.000000 1.207251 1.207251 1.207251
5051.187305 0.000000 322.825894 0.000000 0.000000 0.000000 1.000000 1.525213 1.525213 1.525213
5053.044680 0.000000 354.517000 0.000000 0.000000 0.000000 1.000000 1.110801 1.110801 1.110801
8059.139095 0.000000 1773.378000 0.000000 0.000000 0.000000 1.000000 1.783678 1.783678 1.783678
6779.955746 0.000000 1458.298329 0.000000 0.000000 0.000000 1.000000 1.442757 1.442757 1.442757
8806.833735 0.000000 505.556560 0.000000 0.000000 0.000000 1.000000 1.514700 1.514700 1.514700
6664.952526 0.000000 400.764516 0.000000 0.000000 0.000000 1.000000 0.811065 0.811065 0.811065
8737.610059 0.000000 1477.444141 0.000000 0.000000 0.000000 1.000000 1.509462 1.509462 1.509462
6322.264570 0.000000 1193.945842 0.000000 0.000000 0.000000 1.000000 0.777562 0.777562 0.777562
7340.759524 0.000000 1595.034739 0.000000 0.000000 0.000000 1.000000 1.679711 1.679711 1.679711
8338.289849 0.000000 1391.709276 0.000000 0.000000 0.000000 1.000000 0.990703 0.990703 0.990703
4621.400442 0.000000 1329.179606 0.000000 0.000000 0.000000 1.000000 1.355887 1.355887 1.355887
4476.788611 0.000000 1150.399597 0.000000 0.000000 0.000000 1.000000 1.266560 1.266560 1.266560
8757.440670 0.000000 834.895987 0.000000 0.000000 0.000000 1.000000 1.911059 1.911059 1.911059
6753.645284 0.000000 624.070877 0.000000 0.000000 0.000000 1.000000 0.840807 0.840807 0.840807
6679.971446 0.000000 1394.503930 0.000000 0.000000 0.000000 1.000000 1.839519 1.839519 1.839519
8877.503471 0.000000 1002.553303 0.000000 0.000000 0.000000 1.000000 1.190299 1.190299 1.190299
7483.501771 0.000000 575.537961 0.000000 0.000000 0.000000 1.000000 1.387283 1.387283 1.387283
4521.336463 0.000000 984.889144 0.000000 0.000000 0.000000 1.000000 1.738199 1.738199 1.738199
4690.680575 0.000000 958.367207 0.000000 0.000000 0.000000 1.000000 1.187512 1.187512 1.187512
9090.882657 0.000000 1326.606072 0.000000 0.000000 0.000000 1.000000 1.397372 1.397372 1.397372
7797.731850 0.000000 1712.572787 0.000000 0.000000 0.000000 1.000000 1.661022 1.661022 1.661022
8819.542250 0.000000 1203.253483 0.000000 0.000000 0.000000 1.000000 1.582647 1.582647 1.582647
7011.445898 0.000000 746.637206 0.000000 0.000000 0.000000 1.000000 1.543044 1.543044 1.543044
8638.005236 0.000000 1237.043349 0.000000 0.000000 0.000000 1.000000 1.919441 1.919441 1.919441
8137.929591 0.000000 1755.935987 0.000000 0.000000 0.000000 1.000000 1.608026 1.608026 1.608026
6913.214399 0.000000 379.143327 0.000000 0.000000 0.000000 1.000000 1.853793 1.853793 1.853793
6941.024058 0.000000 1299.621559 0.000000 0.000000 0.000000 1.000000 1.694100 1.694100 1.694100
6548.660971 0.000000 218.060746 0.000000 0.000000 0.000000 1.000000 0.702720 0.702720 0.702720
9041.467471 0.000000 1050.063410 0.000000 0.000000 0.000000 1.000000 0.766922 0.766922 0.766922
4995.883851 0.000000 632.910039 0.000000 0.000000 0.000000 1.000000 1.805287 1.805287 1.805287
4921.752816 0.000000 644.791672 0.000000 0.000000 0.000000 1.000000 1.602435 1.602435 1.602435
6943.894050 0.000000 1057.494946 0.000000 0.000000 0.000000 1.000000 1.435509 1.435509 1.435509
8278.117759 0.000000 1136.954692 0.000000 0.000000 0.000000 1.000000 0.885587 0.885587 0.885587
8914.416137 0.000000 437.540226 0.000000 0.000000 0.000000 1.000000 1.942590 1.942590 1.942590
4946.305893 0.000000 1500.434548 0.000000 0.000000 0.000000 1.000000 1.261391 1.261391 1.261391
9161.389402 0.000000 1759.598470 0.000000 0.000000 0.000000 1.000000 1.390618 1.390618 1.390618
7454.428961 0.000000 1390.170025 0.000000 0.000000 0.000000 1.000000 1.291162 1.291162 1.291162
7971.284456 0.000000 1734.215702 0.000000 0.000000 0.000000 1.000000 0.749192 0.749192 0.749192
6619.147904 0.000000 971.859219 0.000000 0.000000 0.000000 1.000000 0.880411 0.880411 0.880411
8739.248302 0.000000 1256.979491 0.000000 0.000000 0.000000 1.000000 1.567504 1.567504 1.567504
7064.848498 0.000000 916.547898 0.000000 0.000000 0.000000 1.000000 1.508009 1.508009 1.508009
6482.216546 0.000000 572.608024 0.000000 0.000000 0.000000 1.000000 1.277567 1.277567 1.277567
4620.424679 0.000000 1089.262405 0.000000 0.000000 0.000000 1.000000 1.755730 1.755730 1.755730
6797.149531 0.000000 1360.332661 0.000000 0.000000 0.000000 1.000000 1.992845 1.992845 1.992845
8874.660993 0.000000 1265.489013 0.000000 0.000000 0.000000 1.000000 1.421293 1.421293 1.421293
8817.115504 0.000000 1179.944244 0.000000 0.000000 0.000000 1.000000 0.915352 0.915352 0.915352
6786.446770 0.000000 1459.176331 0.000000 0.000000 0.000000 1.000000 1.291461 1.291461 1.291461
4941.918971 0.000000 356.979416 0.000000 0.000000 0.000000 1.000000 1.350890 1.350890 1.350890
8005.966828 0.000000 834.721849 0.000000 0.000000 0.000000 1.000000 0.897104 0.897104 0.897104
6300.408608 0.000000 1031.625456 0.000000 0.000000 0.000000 1.000000 1.221504 1.221504 1.221504
9079.624970 0.000000 1022.999456 0.000000 0.000000 0.000000 1.000000 1.429118 1.429118 1.429118
6698.836737 0.000000 343.871192 0.000000 0.000000 0.000000 1.000000 1.377592 1.377592 1.377592
6678.080515 0.000000 1355.712642 0.000000 0.000000 0.000000 1.000000 1.363338 1.363338 1.363338
7896.085706 0.000000 1771.965731 0.000000 0.000000 0.000000 1.000000 1.727076 1.727076 1.727076
6725.574351 0.000000 685.440813 0.000000 0.000000 0.000000 1.000000 1.282870 1.282870 1.282870
7530.089089 0.000000 1271.681666 0.000000 0.000000 0.000000 1.000000 1.817368 1.817368 1.817368
4760.684245 0.000000 513.196779 0.000000 0.000000 0.000000 1.000000 0.978580 0.978580 0.978580
5277.348708 0.000000 518.939287 0.000000 0.000000 0.000000 1.000000 1.998531 1.998531 1.998531
8956.133103 0.000000 310.121894 0.000000 0.000000 0.000000 1.000000 1.580417 1.580417 1.580417
4726.531165 0.000000 1125.578316 0.000000 0.000000 0.000000 1.000000 1.971887 1.971887 1.971887
4808.393450 0.000000 502.145464 0.000000 0.000000 0.000000 1.000000 1.302628 1.302628 1.302628
9033.159754 0.000000 242.009692 0.000000 0.000000 0.000000 1.000000 1.255314 1.255314 1.255314
5311.389843 0.000000 260.114046 0.000000 0.000000 0.000000 1.000000 1.709765 1.709765 1.709765
5097.586879 0.000000 462.345047 0.000000 0.000000 0.000000 1.000000 1.853383 1.853383 1.853383
6740.877537 0.000000 1766.622172 0.000000 0.000000 0.000000 1.000000 1.045643 1.045643 1.045643
8456.344580 0.000000 1852.274948 0.000000 0.000000 0.000000 1.000000 1.813470 1.813470 1.813470
6778.167656 0.000000 1414.156696 0.000000 0.000000 0.000000 1.000000 1.839305 1.839305 1.839305
6905.283995 0.000000 245.792771 0.000000 0.000000 0.000000 1.000000 1.532299 1.532299 1.532299
4803.582456 0.000000 1167.457863 0.000000 0.000000 0.000000 1.000000 1.368321 1.368321 1.368321
9130.239881 0.000000 1078.883204 0.000000 0.000000 0.000000 1.000000 1.601415 1.601415 1.601415
5319.587139 0.000000 161.798867 0.000000 0.000000 0.000000 1.000000 1.928966 1.928966 1.928966
8326.264842 0.000000 1383.412303 0.000000 0.000000 0.000000 1.000000 1.243048 1.243048 1.243048
5313.862165 0.000000 559.775022 0.000000 0.000000 0.000000 1.000000 1.817959 1.817959 1.817959
9045.049984 0.000000 1092.369650 0.000000 0.000000 0.000000 1.000000 1.392948 1.392948 1.392948
8483.415363 0.000000 497.202609 0.000000 0.000000 0.000000 1.000000 1.184916 1.184916 1.184916
9100.590860 0.000000 1330.811114 0.000000 0.000000 0.000000 1.000000 1.342274 1.342274 1.342274
8198.851470 0.000000 1412.810958 0.000000 0.000000 0.000000 1.000000 1.691701 1.691701 1.691701
7529.081748 0.000000 565.745343 0.000000 0.000000 0.000000 1.000000 1.466072 1.466072 1.466072
9060.922785 0.000000 479.113075 0.000000 0.000000 0.000000 1.000000 1.216429 1.216429 1.216429
7881.065773 0.000000 1043.987968 0.000000 0.000000 0.000000 1.000000 1.312027 1.312027 1.312027
8906.595412 0.000000 1227.139093 0.000000 0.000000 0.000000 1.000000 1.837120 1.837120 1.837120
5072.625866 0.000000 632.426616 0.000000 0.000000 0.000000 1.000000 1.496774 1.496774 1.496774
9107.738690 0.000000 905.384126 0.000000 0.000000 0.000000 1.000000 1.994644 1.994644 1.994644
6890.399380 0.000000 563.659672 0.000000 0.000000 0.000000 1.000000 1.560509 1.560509 1.560509
8959.632143 0.000000 1179.202203 0.000000 0.000000 0.000000 1.000000 1.908768 1.908768 1.908768
7801.702839 0.000000 1007.032258 0.000000 0.000000 0.000000 1.000000 1.128274 1.128274 1.128274
5509.641983 0.000000 262.916451 0.000000 0.000000 0.000000 1.000000 0.846203 0.846203 0.846203
4990.015249 0.000000 454.545300 0.000000 0.000000 0.000000 1.000000 1.910735 1.910735 1.910735
7586.921143 0.000000 1155.943917 0.000000 0.000000 0.000000 1.000000 0.710828 0.710828 0.710828
4980.086001 0.000000 437.125856 0.000000 0.000000 0.000000 1.000000 1.954492 1.954492 1.954492
6975.793600 0.000000 497.181550 0.000000 0.000000 0.000000 1.000000 1.948661 1.948661 1.948661
5285.350715 0.000000 251.680995 0.000000 0.000000 0.000000 1.000000 1.307228 1.307228 1.307228
8789.586889 0.000000 971.695827 0.000000 0.000000 0.000000 1.000000 0.733792 0.733792 0.733792
8119.135797 0.000000 1885.644349 0.000000 0.000000 0.000000 1.000000 1.754120 1.754120 1.754120
8744.405136 0.000000 531.639775 0.000000 0.000000 0.000000 1.000000 1.605521 1.605521 1.605521
9026.613461 0.000000 341.515735 0.000000 0.000000 0.000000 1.000000 1.104046 1.104046 1.104046
8722.350089 0.000000 866.485540 0.000000 0.000000 0.000000 1.000000 1.858549 1.858549 1.858549
5298.780936 0.000000 645.254525 0.000000 0.000000 0.000000 1.000000 1.321960 1.321960 1.321960
5031.186520 0.000000 722.352165 0.000000 0.000000 0.000000 1.000000 0.995142 0.995142 0.995142
7373.937042 0.000000 1400.315401 0.000000 0.000000 0.000000 1.000000 0.960415 0.960415 0.960415
4711.661267 0.000000 1159.521983 0.000000 0.000000 0.000000 1.000000 1.279031 1.279031 1.279031
5347.751154 0.000000 630.354223 0.000000 0.000000 0.000000 1.000000 1.572534 1.572534 1.572534
6545.692302 0.000000 575.801655 0.000000 0.000000 0.000000 1.000000 1.081991 1.081991 1.081991
6780.171259 0.000000 1444.965217 0.000000 0.000000 0.000000 1.000000 1.417156 1.417156 1.417156
6815.404704 0.000000 448.320110 0.000000 0.000000 0.000000 1.000000 0.738814 0.738814 0.738814
8985.198117 0.000000 1123.292721 0.000000 0.000000 0.000000 1.000000 1.543323 1.543323 1.543323
7038.598699 0.000000 1041.759750 0.000000 0.000000 0.000000 1.000000 1.317904 1.317904 1.317904
4706.266630 0.000000 883.613345 0.000000 0.000000 0.000000 1.000000 1.248201 1.248201 1.248201
8347.756116 0.000000 1099.405894 0.000000 0.000000 0.000000 1.000000 1.608756 1.608756 1.608756
4771.585992 0.000000 418.772811 0.000000 0.000000 0.000000 1.000000 1.385816 1.385816 1.385816
6789.275121 0.000000 1321.715283 0.000000 0.000000 0.000000 1.000000 0.818825 0.818825 0.818825
4582.945983 0.000000 998.915679 0.000000 0.000000 0.000000 1.000000 1.691859 1.691859 1.691859
8232.780134 0.000000 1197.271568 0.000000 0.000000 0.000000 1.000000 1.103280 1.103280 1.103280
6679.986473 0.000000 696.140158 0.000000 0.000000 0.000000 1.000000 1.896549 1.896549 1.896549
5509.831812 0.000000 1237.977113 0.000000 0.000000 0.000000 1.000000 1.343601 1.343601 1.343601
8056.525770 0.000000 1648.290261 0.000000 0.000000 0.000000 1.000000 1.497877 1.497877 1.497877
7403.302094 0.000000 1088.663441 0.000000 0.000000 0.000000 1.000000 0.767834 0.767834 0.767834
7307.248533 0.000000 1520.561455 0.000000 0.000000 0.000000 1.000000 1.728337 1.728337 1.728337
6713.812262 0.000000 378.975356 0.000000 0.000000 0.000000 1.000000 1.900756 1.900756 1.900756
7011.269809 0.000000 567.711728 0.000000 0.000000 0.000000 1.000000 1.279550 1.279550 1.279550
5531.624710 0.000000 408.488489 0.000000 0.000000 0.000000 1.000000 1.567662 1.567662 1.567662
5431.474589 0.000000 624.059438 0.000000 0.000000 0.000000 1.000000 1.924297 1.924297 1.924297
7182.069587 0.000000 132.009143 0.000000 0.000000 0.000000 1.000000 1.811916 1.811916 1.811916
7930.147102 0.000000 1775.374039 0.000000 0.000000 0.000000 1.000000 1.512793 1.512793 1.512793
4932.795619 0.000000 475.828125 0.000000 0.000000 0.000000 1.000000 0.878548 0.878548 0.878548
5496.505797 0.000000 593.063336 0.000000 0.000000 0.000000 1.000000 1.414008 1.414008 1.414008
8011.807439 0.000000 1784.872143 0.000000 0.000000 0.000000 1.000000 0.961971 0.961971 0.961971
7888.656144 0.000000 677.255837 0.000000 0.000000 0.000000 1.000000 1.448465 1.448465 1.448465
5424.945431 0.000000 189.485579 0.000000 0.000000 0.000000 1.000000 1.460109 1.460109 1.460109
8476.501931 0.000000 541.869693 0.000000 0.000000 0.000000 1.000000 0.947252 0.947252 0.947252
8678.818972 0.000000 902.140338 0.000000 0.000000 0.000000 1.000000 1.088541 1.088541 1.088541
7249.291847 0.000000 803.669159 0.000000 0.000000 0.000000 1.000000 1.243580 1.243580 1.243580
5558.684197 0.000000 505.698637 0.000000 0.000000 0.000000 1.000000 1.040042 1.040042 1.040042
8005.395732 0.000000 741.883282 0.000000 0.000000 0.000000 1.000000 1.322739 1.322739 1.322739
8239.049120 0.000000 156.010891 0.000000 0.000000 0.000000 1.000000 1.240830 1.240830 1.240830
6593.199562 0.000000 1039.231261 0.000000 0.000000 0.000000 1.000000 1.177721 1.177721 1.177721
6595.441158 0.000000 564.264566 0.000000 0.000000 0.000000 1.000000 1.966011 1.966011 1.966011
7951.395667 0.000000 1835.322595 0.000000 0.000000 0.000000 1.000000 1.549375 1.549375 1.549375
8011.039567 0.000000 1896.935825 0.000000 0.000000 0.000000 1.000000 1.808857 1.808857 1.808857
4731.352295 0.000000 1240.261021 0.000000 0.000000 0.000000 1.000000 0.740772 0.740772 0.740772
6724.480329 0.000000 521.444693 0.000000 0.000000 0.000000 1.000000 0.861499 0.861499 0.861499
5182.925080 0.000000 648.355310 0.000000 0.000000 0.000000 1.000000 0.777333 0.777333 0.777333
8873.274125 0.000000 978.589695 0.000000 0.000000 0.000000 1.000000 0.797234 0.797234 0.797234
4706.629048 0.000000 862.411162 0.000000 0.000000 0.000000 1.000000 1.626951 1.626951 1.626951
6889.690411 0.000000 1054.876359 0.000000 0.000000 0.000000 1.000000 0.899235 0.899235 0.899235
8897.578916 0.000000 891.896511 0.000000 0.000000 0.000000 1.000000 1.023887 1.023887 1.023887
6824.163756 0.000000 1337.478487 0.000000 0.000000 0.000000 1.000000 1.956074 1.956074 1.956074
6656.644605 0.000000 525.857773 0.000000 0.000000 0.000000 1.000000 1.611050 1.611050 1.611050
8877.854395 0.000000 970.352067 0.000000 0.000000 0.000000 1.000000 1.382757 1.382757 1.382757
6773.087253 0.000000 334.460596 0.000000 0.000000 0.000000 1.000000 1.235794 1.235794 1.235794
6546.538700 0.000000 479.837935 0.000000 0.000000 0.000000 1.000000 1.590001 1.590001 1.590001
6355.388468 0.000000 294.992034 0.000000 0.000000 0.000000 1.000000 1.308640 1.308640 1.308640
7538.223507 0.000000 1322.927901 0.000000 0.000000 0.000000 1.000000 0.852346 0.852346 0.852346
4777.834609 0.000000 642.053098 0.000000 0.000000 0.000000 1.000000 1.170566 1.170566 1.170566
8695.786511 0.000000 859.945621 0.000000 0.000000 0.000000 1.000000 1.420086 1.420086 1.420086
6760.259899 0.000000 1248.508349 0.000000 0.000000 0.000000 1.000000 1.183658 1.183658 1.183658
8683.485048 0.000000 1237.630926 0.000000 0.000000 0.000000 1.000000 1.376273 1.376273 1.376273
5421.122966 0.000000 352.494425 0.000000 0.000000 0.000000 1.000000 1.942576 1.942576 1.942576
8552.499364 0.000000 597.179666 0.000000 0.000000 0.000000 1.000000 0.939226 0.939226 0.939226
8920.398991 0.000000 812.586998 0.000000 0.000000 0.000000 1.000000 0.928394 0.928394 0.928394
9132.377097 0.000000 925.380919 0.000000 0.000000 0.000000 1.000000 0.814843 0.814843 0.814843
9060.712582 0.000000 1288.868322 0.000000 0.000000 0.000000 1.000000 1.733058 1.733058 1.733058
5581.437696 0.000000 1294.661308 0.000000 0.000000 0.000000 1.000000 1.459199 1.459199 1.459199
6388.920407 0.000000 529.761311 0.000000 0.000000 0.000000 1.000000 1.499092 1.499092 1.499092
8428.361006 0.000000 1095.602152 0.000000 0.000000 0.000000 1.000000 1.408127 1.408127 1.408127
9209.307454 0.000000 967.694005 0.000000 0.000000 0.000000 1.000000 1.985530 1.985530 1.985530
4720.123902 0.000000 1247.894500 0.000000 0.000000 0.000000 1.000000 0.790597 0.790597 0.790597
8687.277906 0.000000 959.405728 0.000000 0.000000 0.000000 1.000000 1.439165 1.439165 1.439165
4710.580197 0.000000 1014.608240 0.000000 0.000000 0.000000 1.000000 1.722303 1.722303 1.722303
6927.096542 0.000000 447.797211 0.000000 0.000000 0.000000 1.000000 1.679898 1.679898 1.679898
7714.288667 0.000000 655.131005 0.000000 0.000000 0.000000 1.000000 1.443886 1.443886 1.443886
5345.054378 0.000000 469.321798 0.000000 0.000000 0.000000 1.000000 0.742340 0.742340 0.742340
5108.668309 0.000000 544.360092 0.000000 0.000000 0.000000 1.000000 0.766970 0.766970 0.766970
8591.120492 0.000000 1007.387429 0.000000 0.000000 0.000000 1.000000 0.933087 0.933087 0.933087
4994.676157 0.000000 480.363126 0.000000 0.000000 0.000000 1.000000 1.393606 1.393606 1.393606
4896.523828 0.000000 372.035380 0.000000 0.000000 0.000000 1.000000 1.666731 1.666731 1.666731
8525.071925 0.000000 1254.412445 0.000000 0.000000 0.000000 1.000000 1.834526 1.834526 1.834526
8305.697917 0.000000 1340.537198 0.000000 0.000000 0.000000 1.000000 1.644721 1.644721 1.644721
8390.905212 0.000000 1037.604164 0.000000 0.000000 0.000000 1.000000 1.444155 1.444155 1.444155
6991.215246 0.000000 1262.161704 0.000000 0.000000 0.000000 1.000000 1.126910 1.126910 1.126910
7386.542579 0.000000 1375.447941 0.000000 0.000000 0.000000 1.000000 1.262309 1.262309 1.262309
6551.439870 0.000000 523.867730 0.000000 0.000000 0.000000 1.000000 1.604459 1.604459 1.604459
8875.165232 0.000000 1220.024592 0.000000 0.000000 0.000000 1.000000 0.826868 0.826868 0.826868
7886.467679 0.000000 760.736050 0.000000 0.000000 0.000000 1.000000 1.304532 1.304532 1.304532
6868.947936 0.000000 266.328249 0.000000 0.000000 0.000000 1.000000 0.780018 0.780018 0.780018
4991.487048 0.000000 1358.559289 0.000000 0.000000 0.000000 1.000000 1.907611 1.907611 1.907611
7558.120872 0.000000 353.111872 0.000000 0.000000 0.000000 1.000000 1.041085 1.041085 1.041085
4739.087050 0.000000 1202.597106 0.000000 0.000000 0.000000 1.000000 0.986878 0.986878 0.986878
6894.421884 0.000000 570.940494 0.000000 0.000000 0.000000 1.000000 1.645070 1.645070 1.645070
7928.005920 0.000000 1696.402181 0.000000 0.000000 0.000000 1.000000 1.892015 1.892015 1.892015
7008.805765 0.000000 1238.502229 0.000000 0.000000 0.000000 1.000000 1.798077 1.798077 1.798077
5123.688751 0.000000 723.854604 0.000000 0.000000 0.000000 1.000000 1.646693 1.646693 1.646693
4858.293819 0.000000 459.640433 0.000000 0.000000 0.000000 1.000000 1.452912 1.452912 1.452912
8463.159993 0.000000 461.284435 0.000000 0.000000 0.000000 1.000000 1.241419 1.241419 1.241419
5326.939534 0.000000 188.357194 0.000000 0.000000 0.000000 1.000000 1.507026 1.507026 1.507026
8770.411233 0.000000 815.891847 0.000000 0.000000 0.000000 1.000000 1.458331 1.458331 1.458331
8137.314301 0.000000 1792.997626 0.000000 0.000000 0.000000 1.000000 1.353987 1.353987 1.353987
7244.778621 0.000000 108.031682 0.000000 0.000000 0.000000 1.000000 1.668561 1.668561 1.668561
8252.139421 0.000000 756.558950 0.000000 0.000000 0.000000 1.000000 1.167076 1.167076 1.167076
8868.597354 0.000000 834.699231 0.000000 0.000000 0.000000 1.000000 1.990427 1.990427 1.990427
5128.006117 0.000000 629.092483 0.000000 0.000000 0.000000 1.000000 1.246246 1.246246 1.246246
5361.224583 0.000000 852.775554 0.000000 0.000000 0.000000 1.000000 0.730265 0.730265 0.730265
8680.855305 0.000000 725.260393 0.000000 0.000000 0.000000 1.000000 1.425528 1.425528 1.425528
8890.333773 0.000000 434.109688 0.000000 0.000000 0.000000 1.000000 1.124780 1.124780 1.124780
6690.711225 0.000000 1023.696188 0.000000 0.000000 0.000000 1.000000 1.521823 1.521823 1.521823
8708.159431 0.000000 1841.507132 0.000000 0.000000 0.000000 1.000000 1.116802 1.116802 1.116802
6665.214975 0.000000 397.788318 0.000000 0.000000 0.000000 1.000000 1.332537 1.332537 1.332537
6957.834814 0.000000 298.088066 0.000000 0.000000 0.000000 1.000000 1.099207 1.099207 1.099207
6578.681239 0.000000 1658.074200 0.000000 0.000000 0.000000 1.000000 1.676327 1.676327 1.676327
8949.571674 0.000000 773.337804 0.000000 0.000000 0.000000 1.000000 0.952298 0.952298 0.952298
8903.670169 0.000000 1583.479174 0.000000 0.000000 0.000000 1.000000 1.384181 1.384181 1.384181
6590.008228 0.000000 559.401255 0.000000 0.000000 0.000000 1.000000 1.491607 1.491607 1.491607
5111.230636 0.000000 319.852832 0.000000 0.000000 0.000000 1.000000 1.441024 1.441024 1.441024
8088.889796 0.000000 1731.911401 0.000000 0.000000 0.000000 1.000000 1.609523 1.609523 1.609523
5011.943339 0.000000 614.749308 0.000000 0.000000 0.000000 1.000000 1.836709 1.836709 1.836709
6737.142191 0.000000 1463.717573 0.000000 0.000000 0.000000 1.000000 1.609752 1.609752 1.609752
9104.412940 0.000000 1833.839320 0.000000 0.000000 0.000000 1.000000 1.702709 1.702709 1.702709
7437.965793 0.000000 1468.127967 0.000000 0.000000 0.000000 1.000000 1.209513 1.209513 1.209513
4553.369778 0.000000 1162.395661 0.000000 0.000000 0.000000 1.000000 1.651507 1.651507 1.651507
8097.915572 0.000000 1927.388953 0.000000 0.000000 0.000000 1.000000 1.778786 1.778786 1.778786
8068.112759 0.000000 1738.683754 0.000000 0.000000 0.000000 1.000000 0.751414 0.751414 0.751414
4479.986668 0.000000 1121.681372 0.000000 0.000000 0.000000 1.000000 0.713905 0.713905 0.713905
4886.628476 0.000000 459.560678 0.000000 0.000000 0.000000 1.000000 1.274748 1.274748 1.274748
9064.135904 0.000000 1160.074465 0.000000 0.000000 0.000000 1.000000 1.513114 1.513114 1.513114
8728.853579 0.000000 827.368592 0.000000 0.000000 0.000000 1.000000 1.445608 1.445608 1.445608
5757.469632 0.000000 1341.363718 0.000000 0.000000 0.000000 1.000000 1.464107 1.464107 1.464107
6648.992866 0.000000 436.634000 0.000000 0.000000 0.000000 1.000000 1.585880 1.585880 1.585880
6688.022763 0.000000 639.208996 0.000000 0.000000 0.000000 1.000000 0.920303 0.920303 0.920303
9176.362292 0.000000 365.360464 0.000000 0.000000 0.000000 1.000000 1.993080 1.993080 1.993080
6605.779607 0.000000 921.009545 0.000000 0.000000 0.000000 1.000000 1.180118 1.180118 1.180118
6348.034811 0.000000 1194.084721 0.000000 0.000000 0.000000 1.000000 1.138430 1.138430 1.138430
8993.413969 0.000000 817.212161 0.000000 0.000000 0.000000 1.000000 0.962183 0.962183 0.962183
8765.928773 0.000000 659.177689 0.000000 0.000000 0.000000 1.000000 1.950798 1.950798 1.950798
8873.028179 0.000000 709.885768 0.000000 0.000000 0.000000 1.000000 1.233998 1.233998 1.233998
9055.420854 0.000000 1099.951453 0.000000 0.000000 0.000000 1.000000 1.852980 1.852980 1.852980
6472.522103 0.000000 223.782703 0.000000 0.000000 0.000000 1.000000 1.324877 1.324877 1.324877
7221.826989 0.000000 1618.890301 0.000000 0.000000 0.000000 1.000000 0.704006 0.704006 0.704006
6629.697301 0.000000 410.007802 0.000000 0.000000 0.000000 1.000000 0.970119 0.970119 0.970119
8694.557708 0.000000 1231.413243 0.000000 0.000000 0.000000 1.000000 1.866407 1.866407 1.866407
7510.354726 0.000000 1133.740923 0.000000 0.000000 0.000000 1.000000 1.675742 1.675742 1.675742
8704.949659 0.000000 855.791958 0.000000 0.000000 0.000000 1.000000 0.923981 0.923981 0.923981
8659.552441 0.000000 1684.842119 0.000000 0.000000 0.000000 1.000000 0.867734 0.867734 0.867734
6426.566300 0.000000 1049.153752 0.000000 0.000000 0.000000 1.000000 1.960829 1.960829 1.960829
6925.449193 0.000000 953.615724 0.000000 0.000000 0.000000 1.000000 0.725487 0.725487 0.725487
4864.243601 0.000000 439.078190 0.000000 0.000000 0.000000 1.000000 1.717378 1.717378 1.717378
7106.458706 0.000000 965.399986 0.000000 0.000000 0.000000 1.000000 1.479122 1.479122 1.479122
7314.741137 0.000000 1563.714721 0.000000 0.000000 0.000000 1.000000 0.709677 0.709677 0.709677
5425.947410 0.000000 218.488651 0.000000 0.000000 0.000000 1.000000 1.910681 1.910681 1.910681
7143.699354 0.000000 554.467057 0.000000 0.000000 0.000000 1.000000 0.716051 0.716051 0.716051
4952.052549 0.000000 473.773297 0.000000 0.000000 0.000000 1.000000 1.531833 1.531833 1.531833
7952.815337 0.000000 766.783348 0.000000 0.000000 0.000000 1.000000 1.214335 1.214335 1.214335
8470.459609 0.000000 352.499267 0.000000 0.000000 0.000000 1.000000 0.863474 0.863474 0.863474
7977.611818 0.000000 2029.450149 0.000000 0.000000 0.000000 1.000000 1.774690 1.774690 1.774690
8369.790467 0.000000 1037.251009 0.000000 0.000000 0.000000 1.000000 1.065727 1.065727 1.065727
6721.193955 0.000000 488.621254 0.000000 0.000000 0.000000 1.000000 1.954464 1.954464 1.954464
5263.726427 0.000000 746.423546 0.000000 0.000000 0.000000 1.000000 1.984245 1.984245 1.984245
8941.708407 0.000000 1167.360643 0.000000 0.000000 0.000000 1.000000 0.713503 0.713503 0.713503
7943.143837 0.000000 1959.708752 0.000000 0.000000 0.000000 1.000000 1.168479 1.168479 1.168479
8970.161685 0.000000 215.089062 0.000000 0.000000 0.000000 1.000000 1.016957 1.016957 1.016957
9010.950899 0.000000 1201.410894 0.000000 0.000000 0.000000 1.000000 0.725068 0.725068 0.725068
8692.280943 0.000000 1949.821451 0.000000 0.000000 0.000000 1.000000 1.728660 1.728660 1.728660
6774.238677 0.000000 186.708229 0.000000 0.000000 0.000000 1.000000 1.134293 1.134293 1.134293
6752.251889 0.000000 549.596249 0.000000 0.000000 0.000000 1.000000 1.590419 1.590419 1.590419
6699.648744 0.000000 504.386151 0.000000 0.000000 0.000000 1.000000 0.945082 0.945082 0.945082
7901.349996 0.000000 1765.475608 0.000000 0.000000 0.000000 1.000000 1.773695 1.773695 1.773695
5391.440825 0.000000 853.915714 0.000000 0.000000 0.000000 1.000000 1.468929 1.468929 1.468929
5382.094832 0.000000 203.928461 0.000000 0.000000 0.000000 1.000000 1.393391 1.393391 1.393391
6788.035991 0.000000 616.723796 0.000000 0.000000 0.000000 1.000000 1.520947 1.520947 1.520947
6986.936454 0.000000 1058.314772 0.000000 0.000000 0.000000 1.000000 0.722371 0.722371 0.722371
4706.755772 0.000000 1016.788306 0.000000 0.000000 0.000000 1.000000 1.918725 1.918725 1.918725
8039.273103 0.000000 1864.242981 0.000000 0.000000 0.000000 1.000000 1.605883 1.605883 1.605883
9209.911039 0.000000 1011.620038 0.000000 0.000000 0.000000 1.000000 1.380154 1.380154 1.380154
8641.076320 0.000000 1713.180649 0.000000 0.000000 0.000000 1.000000 1.328269 1.328269 1.328269
9100.803310 0.000000 1003.543551 0.000000 0.000000 0.000000 1.000000 1.365195 1.365195 1.365195
6547.262516 0.000000 283.593761 0.000000 0.000000 0.000000 1.000000 1.917086 1.917086 1.917086
4727.282840 0.000000 1072.910238 0.000000 0.000000 0.000000 1.000000 1.821912 1.821912 1.821912
5037.990091 0.000000 1472.100562 0.000000 0.000000 0.000000 1.000000 1.898869 1.898869 1.898869
6687.808832 0.000000 349.308947 0.000000 0.000000 0.000000 1.000000 0.895720 0.895720 0.895720
5276.654272 0.000000 501.562573 0.000000 0.000000 0.000000 1.000000 1.645966 1.645966 1.645966
8755.885092 0.000000 942.451221 0.000000 0.000000 0.000000 1.000000 1.959904 1.959904 1.959904
4628.955293 0.000000 934.791038 0.000000 0.000000 0.000000 1.000000 0.924751 0.924751 0.924751
5261.612514 0.000000 595.966409 0.000000 0.000000 0.000000 1.000000 1.589628 1.589628 1.589628
5129.248635 0.000000 522.165438 0.000000 0.000000 0.000000 1.000000 0.906173 0.906173 0.906173
6688.572464 0.000000 632.469184 0.000000 0.000000 0.000000 1.000000 1.510238 1.510238 1.510238
7498.491044 0.000000 596.796547 0.000000 0.000000 0.000000 1.000000 1.790691 1.790691 1.790691
5520.552471 0.000000 1146.043618 0.000000 0.000000 0.000000 1.000000 1.099416 1.099416 1.099416
7514.147053 0.000000 1565.921929 0.000000 0.000000 0.000000 1.000000 1.765769 1.765769 1.765769
5426.227443 0.000000 736.130515 0.000000 0.000000 0.000000 1.000000 1.310321 1.310321 1.310321
5384.162747 0.000000 372.090480 0.000000 0.000000 0.000000 1.000000 0.905960 0.905960 0.905960
6791.583529 0.000000 712.911739 0.000000 0.000000 0.000000 1.000000 0.837739 0.837739 0.837739
8943.232778 0.000000 1152.574921 0.000000 0.000000 0.000000 1.000000 1.893863 1.893863 1.893863
6700.537450 0.000000 42.731298 0.000000 0.000000 0.000000 1.000000 0.998668 0.998668 0.998668
8710.056065 0.000000 1143.375965 0.000000 0.000000 0.000000 1.000000 1.355729 1.355729 1.355729
9036.294501 0.000000 885.622418 0.000000 0.000000 0.000000 1.000000 1.404289 1.404289 1.404289
5536.660629 0.000000 391.300871 0.000000 0.000000 0.000000 1.000000 0.850906 0.850906 0.850906
7603.544725 0.000000 932.193845 0.000000 0.000000 0.000000 1.000000 1.891671 1.891671 1.891671
5009.887719 0.000000 711.001111 0.000000 0.000000 0.000000 1.000000 1.987690 1.987690 1.987690
8864.940598 0.000000 1147.012592 0.000000 0.000000 0.000000 1.000000 1.741179 1.741179 1.741179
5440.715914 0.000000 502.037603 0.000000 0.000000 0.000000 1.000000 1.936187 1.936187 1.936187
6779.293820 0.000000 736.286890 0.000000 0.000000 0.000000 1.000000 0.960186 0.960186 0.960186
4573.017486 0.000000 1055.845655 0.000000 0.000000 0.000000 1.000000 1.317243 1.317243 1.317243
6686.512491 0.000000 919.969659 0.000000 0.000000 0.000000 1.000000 1.287830 1.287830 1.287830
4841.343025 0.000000 598.915128 0.000000 0.000000 0.000000 1.000000 1.665403 1.665403 1.665403
7577.066799 0.000000 569.691976 0.000000 0.000000 0.000000 1.000000 0.886844 0.886844 0.886844
6609.428272 0.000000 534.380554 0.000000 0.000000 0.000000 1.000000 1.874048 1.874048 1.874048
7732.884437 0.000000 687.390310 0.000000 0.000000 0.000000 1.000000 1.762159 1.762159 1.762159
7595.240998 0.000000 1082.346247 0.000000 0.000000 0.000000 1.000000 1.020424 1.020424 1.020424
8993.765974 0.000000 1201.637180 0.000000 0.000000 0.000000 1.000000 1.706976 1.706976 1.706976
6773.019354 0.000000 257.754758 0.000000 0.000000 0.000000 1.000000 0.997246 0.997246 0.997246
6978.961640 0.000000 492.978529 0.000000 0.000000 0.000000 1.000000 0.891955 0.891955 0.891955
6903.471864 0.000000 655.383364 0.000000 0.000000 0.000000 1.000000 1.223805 1.223805 1.223805
5589.157116 0.000000 1296.960317 0.000000 0.000000 0.000000 1.000000 1.983509 1.983509 1.983509
5475.708655 0.000000 330.148628 0.000000 0.000000 0.000000 1.000000 0.789374 0.789374 0.789374
8481.898703 0.000000 1237.137922 0.000000 0.000000 0.000000 1.000000 1.732325 1.732325 1.732325
7937.054674 0.000000 858.208509 0.000000 0.000000 0.000000 1.000000 1.654216 1.654216 1.654216
8754.315151 0.000000 752.540804 0.000000 0.000000 0.000000 1.000000 1.030692 1.030692 1.030692
6859.185484 0.000000 958.997479 0.000000 0.000000 0.000000 1.000000 1.648473 1.648473 1.648473
7091.210707 0.000000 179.830178 0.000000 0.000000 0.000000 1.000000 1.407679 1.407679 1.407679
8790.074522 0.000000 980.119580 0.000000 0.000000 0.000000 1.000000 0.702120 0.702120 0.702120
8938.525264 0.000000 1010.995223 0.000000 0.000000 0.000000 1.000000 1.973612 1.973612 1.973612
4825.647052 0.000000 406.105584 0.000000 0.000000 0.000000 1.000000 0.863142 0.863142 0.863142
8524.914333 0.000000 349.827093 0.000000 0.000000 0.000000 1.000000 1.976248 1.976248 1.976248
7006.124575 0.000000 1229.290472 0.000000 0.000000 0.000000 1.000000 1.297333 1.297333 1.297333
7871.314708 0.000000 886.277429 0.000000 0.000000 0.000000 1.000000 1.062264 1.062264 1.062264
4472.323699 0.000000 1061.999417 0.000000 0.000000 0.000000 1.000000 1.382645 1.382645 1.382645
8947.874146 0.000000 454.878265 0.000000 0.000000 0.000000 1.000000 1.503863 1.503863 1.503863
8890.623295 0.000000 369.812285 0.000000 0.000000 0.000000 1.000000 1.336245 1.336245 1.336245
8937.956369 0.000000 1021.231030 0.000000 0.000000 0.000000 1.000000 1.378917 1.378917 1.378917
8892.296793 0.000000 993.473917 0.000000 0.000000 0.000000 1.000000 1.994782 1.994782 1.994782
8773.900622 0.000000 969.203531 0.000000 0.000000 0.000000 1.000000 1.669717 1.669717 1.669717
8984.359163 0.000000 447.230731 0.000000 0.000000 0.000000 1.000000 1.403929 1.403929 1.403929
8580.973987 0.000000 1057.174322 0.000000 0.000000 0.000000 1.000000 1.997436 1.997436 1.997436
8257.726885 0.000000 1139.663323 0.000000 0.000000 0.000000 1.000000 1.990553 1.990553 1.990553
4953.523066 0.000000 1361.221998 0.000000 0.000000 0.000000 1.000000 0.859140 0.859140 0.859140
8734.078968 0.000000 1283.244063 0.000000 0.000000 0.000000 1.000000 0.720256 0.720256 0.720256
8337.307966 0.000000 1432.859993 0.000000 0.000000 0.000000 1.000000 0.857667 0.857667 0.857667
5143.224181 0.000000 494.658846 0.000000 0.000000 0.000000 1.000000 1.671634 1.671634 1.671634
8694.801647 0.000000 848.278417 0.000000 0.000000 0.000000 1.000000 1.179406 1.179406 1.179406
9164.579855 0.000000 401.161889 0.000000 0.000000 0.000000 1.000000 1.890646 1.890646 1.890646
4883.265210 0.000000 694.967544 0.000000 0.000000 0.000000 1.000000 1.027917 1.027917 1.027917
6815.889237 0.000000 1339.138203 0.000000 0.000000 0.000000 1.000000 0.743468 0.743468 0.743468
9101.680888 0.000000 1014.257505 0.000000 0.000000 0.000000 1.000000 1.822436 1.822436 1.822436
5082.047291 0.000000 322.917561 0.000000 0.000000 0.000000 1.000000 1.547468 1.547468 1.547468
5089.233535 0.000000 512.107797 0.000000 0.000000 0.000000 1.000000 1.223622 1.223622 1.223622
5048.945897 0.000000 477.245837 0.000000 0.000000 0.000000 1.000000 1.206336 1.206336 1.206336
8465.932978 0.000000 1274.772315 0.000000 0.000000 0.000000 1.000000 1.051059 1.051059 1.051059
5016.274768 0.000000 387.835726 0.000000 0.000000 0.000000 1.000000 1.445241 1.445241 1.445241
8711.801543 0.000000 1839.337553 0.000000 0.000000 0.000000 1.000000 0.909437 0.909437 0.909437
5109.333439 0.000000 500.461233 0.000000 0.000000 0.000000 1.000000 1.503817 1.503817 1.503817
8313.580781 0.000000 1077.362274 0.000000 0.000000 0.000000 1.000000 1.283016 1.283016 1.283016
7398.068466 0.000000 844.174824 0.000000 0.000000 0.000000 1.000000 0.735856 0.735856 0.735856
6652.729023 0.000000 281.702579 0.000000 0.000000 0.000000 1.000000 1.006930 1.006930 1.006930
8687.926978 0.000000 812.388262 0.000000 0.000000 0.000000 1.000000 0.762912 0.762912 0.762912
6823.972466 0.000000 579.027874 0.000000 0.000000 0.000000 1.000000 1.500571 1.500571 1.500571
5289.954169 0.000000 211.872734 0.000000 0.000000 0.000000 1.000000 1.757644 1.757644 1.757644
5122.690701 0.000000 518.465142 0.000000 0.000000 0.000000 1.000000 1.651259 1.651259 1.651259
8935.343261 0.000000 706.895032 0.000000 0.000000 0.000000 1.000000 1.554804 1.554804 1.554804
6396.158509 0.000000 279.785450 0.000000 0.000000 0.000000 1.000000 0.889213 0.889213 0.889213
5458.588047 0.000000 34.068226 0.000000 0.000000 0.000000 1.000000 1.106744 1.106744 1.106744
7738.576744 0.000000 697.014682 0.000000 0.000000 0.000000 1.000000 1.348882 1.348882 1.348882
6321.512322 0.000000 1075.024958 0.000000 0.000000 0.000000 1.000000 1.318572 1.318572 1.318572
6888.728680 0.000000 387.546387 0.000000 0.000000 0.000000 1.000000 1.527508 1.527508 1.527508
4760.378934 0.000000 653.119597 0.000000 0.000000 0.000000 1.000000 0.787925 0.787925 0.787925
5178.275427 0.000000 597.825108 0.000000 0.000000 0.000000 1.000000 1.037633 1.037633 1.037633
7020.446056 0.000000 1264.102493 0.000000 0.000000 0.000000 1.000000 0.927168 0.927168 0.927168
8307.099786 0.000000 128.524008 0.000000 0.000000 0.000000 1.000000 0.707256 0.707256 0.707256
6890.791276 0.000000 1035.022930 0.000000 0.000000 0.000000 1.000000 1.549829 1.549829 1.549829
4758.781225 0.000000 1129.028371 0.000000 0.000000 0.000000 1.000000 1.251804 1.251804 1.251804
6385.732214 0.000000 539.054897 0.000000 0.000000 0.000000 1.000000 1.292018 1.292018 1.292018
4781.133388 0.000000 1201.297821 0.000000 0.000000 0.000000 1.000000 1.481903 1.481903 1.481903
4879.735492 0.000000 372.270659 0.000000 0.000000 0.000000 1.000000 1.389931 1.389931 1.389931
6737.311488 0.000000 909.057297 0.000000 0.000000 0.000000 1.000000 1.015921 1.015921 1.015921
4830.667966 0.000000 594.504608 0.000000 0.000000 0.000000 1.000000 0.822348 0.822348 0.822348
8911.894066 0.000000 1026.634305 0.000000 0.000000 0.000000 1.000000 0.716296 0.716296 0.716296
5333.554873 0.000000 323.212764 0.000000 0.000000 0.000000 1.000000 1.620955 1.620955 1.620955
6560.195031 0.000000 669.592015 0.000000 0.000000 0.000000 1.000000 1.878709 1.878709 1.878709
8701.634487 0.000000 1225.628308 0.000000 0.000000 0.000000 1.000000 1.002124 1.002124 1.002124
7422.812620 0.000000 1481.094858 0.000000 0.000000 0.000000 1.000000 1.532844 1.532844 1.532844
8646.883804 0.000000 1229.429708 0.000000 0.000000 0.000000 1.000000 1.808883 1.808883 1.808883
5314.459818 0.000000 708.280570 0.000000 0.000000 0.000000 1.000000 0.986737 0.986737 0.986737
7591.631171 0.000000 382.577986 0.000000 0.000000 0.000000 1.000000 0.872887 0.872887 0.872887
8544.788560 0.000000 1016.924963 0.000000 0.000000 0.000000 1.000000 1.155471 1.155471 1.155471
6714.834794 0.000000 443.206340 0.000000 0.000000 0.000000 1.000000 1.029759 1.029759 1.029759
8446.114040 0.000000 1626.517303 0.000000 0.000000 0.000000 1.000000 1.647605 1.647605 1.647605
6649.930260 0.000000 354.482303 0.000000 0.000000 0.000000 1.000000 1.695319 1.695319 1.695319
8997.479224 0.000000 1023.034881 0.000000 0.000000 0.000000 1.000000 1.882262 1.882262 1.882262
6376.084439 0.000000 1089.382627 0.000000 0.000000 0.000000 1.000000 1.462106 1.462106 1.462106
6902.073596 0.000000 916.689485 0.000000 0.000000 0.000000 1.000000 1.887865 1.887865 1.887865
7935.416796 0.000000 1802.528032 0.000000 0.000000 0.000000 1.000000 0.884811 0.884811 0.884811
5341.983343 0.000000 565.847425 0.000000 0.000000 0.000000 1.000000 1.747004 1.747004 1.747004
4902.183479 0.000000 580.162089 0.000000 0.000000 0.000000 1.000000 1.321432 1.321432 1.321432
8313.122480 0.000000 1083.142722 0.000000 0.000000 0.000000 1.000000 0.834826 0.834826 0.834826
6641.418984 0.000000 302.470733 0.000000 0.000000 0.000000 1.000000 0.823348 0.823348 0.823348
6545.896211 0.000000 228.161348 0.000000 0.000000 0.000000 1.000000 1.896171 1.896171 1.896171
5244.038855 0.000000 741.439470 0.000000 0.000000 0.000000 1.000000 1.542756 1.542756 1.542756
7495.653210 0.000000 1338.011046 0.000000 0.000000 0.000000 1.000000 1.104820 1.104820 1.104820
4770.888936 0.000000 921.668619 0.000000 0.000000 0.000000 1.000000 1.257807 1.257807 1.257807
4566.743681 0.000000 1216.941909 0.000000 0.000000 0.000000 1.000000 1.163454 1.163454 1.163454
8003.437079 0.000000 1734.863479 0.000000 0.000000 0.000000 1.000000 1.361550 1.361550 1.361550
8718.676918 0.000000 1737.744680 0.000000 0.000000 0.000000 1.000000 1.077728 1.077728 1.077728
4635.618532 0.000000 1360.855399 0.000000 0.000000 0.000000 1.000000 1.324604 1.324604 1.324604
8764.063100 0.000000 831.454128 0.000000 0.000000 0.000000 1.000000 1.741745 1.741745 1.741745
5089.722766 0.000000 1489.934118 0.000000 0.000000 0.000000 1.000000 1.715411 1.715411 1.715411
4747.330547 0.000000 1071.911169 0.000000 0.000000 0.000000 1.000000 1.121228 1.121228 1.121228
9004.540401 0.000000 441.223709 0.000000 0.000000 0.000000 1.000000 0.745042 0.745042 0.745042
7821.289335 0.000000 1708.069937 0.000000 0.000000 0.000000 1.000000 1.823045 1.823045 1.823045
8749.832044 0.000000 1174.681277 0.000000 0.000000 0.000000 1.000000 0.756992 0.756992 0.756992
6395.845604 0.000000 503.496117 0.000000 0.000000 0.000000 1.000000 1.065364 1.065364 1.065364
4537.547331 0.000000 1199.015107 0.000000 0.000000 0.000000 1.000000 1.527352 1.527352 1.527352
6619.635969 0.000000 420.989899 0.000000 0.000000 0.000000 1.000000 1.297205 1.297205 1.297205
6959.488325 0.000000 266.637201 0.000000 0.000000 0.000000 1.000000 0.860811 0.860811 0.860811
6719.301004 0.000000 402.337229 0.000000 0.000000 0.000000 1.000000 1.831987 1.831987 1.831987
8699.362055 0.000000 1881.140539 0.000000 0.000000 0.000000 1.000000 0.900186 0.900186 0.900186
8999.699139 0.000000 975.450585 0.000000 0.000000 0.000000 1.000000 1.516708 1.516708 1.516708
7053.240841 0.000000 1283.455532 0.000000 0.000000 0.000000 1.000000 1.292495 1.292495 1.292495
8540.774809 0.000000 998.820057 0.000000 0.000000 0.000000 1.000000 1.787860 1.787860 1.787860
7798.183854 0.000000 632.938127 0.000000 0.000000 0.000000 1.000000 1.231137 1.231137 1.231137
4855.689544 0.000000 591.757311 0.000000 0.000000 0.000000 1.000000 0.897151 0.897151 0.897151
5262.534595 0.000000 968.181194 0.000000 0.000000 0.000000 1.000000 0.785966 0.785966 0.785966
8649.864108 0.000000 1918.284554 0.000000 0.000000 0.000000 1.000000 1.856407 1.856407 1.856407
7784.145546 0.000000 504.567698 0.000000 0.000000 0.000000 1.000000 1.997443 1.997443 1.997443
6897.745921 0.000000 1034.914129 0.000000 0.000000 0.000000 1.000000 0.878364 0.878364 0.878364
5092.793614 0.000000 1489.211609 0.000000 0.000000 0.000000 1.000000 1.474174 1.474174 1.474174
6745.539816 0.000000 371.456240 0.000000 0.000000 0.000000 1.000000 0.910335 0.910335 0.910335
9088.593077 0.000000 878.984731 0.000000 0.000000 0.000000 1.000000 1.711799 1.711799 1.711799
8806.845721 0.000000 799.274485 0.000000 0.000000 0.000000 1.000000 1.999225 1.999225 1.999225
8127.142340 0.000000 1745.454673 0.000000 0.000000 0.000000 1.000000 1.803587 1.803587 1.803587
5049.152739 0.000000 425.446631 0.000000 0.000000 0.000000 1.000000 0.850070 0.850070 0.850070
9075.988818 0.000000 434.935760 0.000000 0.000000 0.000000 1.000000 1.136473 1.136473 1.136473
4727.902804 0.000000 1274.056351 0.000000 0.000000 0.000000 1.000000 1.073448 1.073448 1.073448
9051.380709 0.000000 1232.491286 0.000000 0.000000 0.000000 1.000000 1.378521 1.378521 1.378521
6943.475819 0.000000 364.511227 0.000000 0.000000 0.000000 1.000000 1.339684 1.339684 1.339684
4806.809504 0.000000 512.219065 0.000000 0.000000 0.000000 1.000000 1.208678 1.208678 1.208678
8352.453317 0.000000 1014.149056 0.000000 0.000000 0.000000 1.000000 0.948572 0.948572 0.948572
8731.140632 0.000000 984.775821 0.000000 0.000000 0.000000 1.000000 1.031000 1.031000 1.031000
7754.388162 0.000000 635.732695 0.000000 0.000000 0.000000 1.000000 1.142242 1.142242 1.142242
6265.145088 0.000000 1056.032988 0.000000 0.000000 0.000000 1.000000 1.223053 1.223053 1.223053
7035.534741 0.000000 1002.007442 0.000000 0.000000 0.000000 1.000000 1.271711 1.271711 1.271711
8946.910330 0.000000 1097.544580 0.000000 0.000000 0.000000 1.000000 1.242370 1.242370 1.242370
7520.411755 0.000000 1601.997769 0.000000 0.000000 0.000000 1.000000 1.194100 1.194100 1.194100
7835.821110 0.000000 1778.702869 0.000000 0.000000 0.000000 1.000000 1.391595 1.391595 1.391595
7916.190655 0.000000 772.352556 0.000000 0.000000 0.000000 1.000000 1.190445 1.190445 1.190445
8783.681542 0.000000 1327.100399 0.000000 0.000000 0.000000 1.000000 0.734895 0.734895 0.734895
7953.991990 0.000000 648.158982 0.000000 0.000000 0.000000 1.000000 1.026446 1.026446 1.026446
5496.541769 0.000000 557.347967 0.000000 0.000000 0.000000 1.000000 1.813667 1.813667 1.813667
8830.142714 0.000000 1110.565322 0.000000 0.000000 0.000000 1.000000 0.754432 0.754432 0.754432
7580.288657 0.000000 352.286603 0.000000 0.000000 0.000000 1.000000 1.069351 1.069351 1.069351
8857.382542 0.000000 784.146246 0.000000 0.000000 0.000000 1.000000 0.722507 0.722507 0.722507
6819.774399 0.000000 680.339823 0.000000 0.000000 0.000000 1.000000 1.714966 1.714966 1.714966
8412.208605 0.000000 1785.208928 0.000000 0.000000 0.000000 1.000000 1.471041 1.471041 1.471041
5297.322543 0.000000 211.342351 0.000000 0.000000 0.000000 1.000000 1.954212 1.954212 1.954212
5216.285923 0.000000 480.767517 0.000000 0.000000 0.000000 1.000000 1.860872 1.860872 1.860872
5610.657300 0.000000 1209.629977 0.000000 0.000000 0.000000 1.000000 1.221737 1.221737 1.221737
5487.217380 0.000000 567.448446 0.000000 0.000000 0.000000 1.000000 1.149789 1.149789 1.149789
8982.729509 0.000000 1359.824001 0.000000 0.000000 0.000000 1.000000 1.700413 1.700413 1.700413
5302.609104 0.000000 225.043289 0.000000 0.000000 0.000000 1.000000 1.629936 1.629936 1.629936
4940.418374 0.000000 401.864380 0.000000 0.000000 0.000000 1.000000 1.013304 1.013304 1.013304
5051.744856 0.000000 403.652119 0.000000 0.000000 0.000000 1.000000 1.381886 1.381886 1.381886
4790.461829 0.000000 408.422166 0.000000 0.000000 0.000000 1.000000 1.470396 1.470396 1.470396
8856.962621 0.000000 435.617918 0.000000 0.000000 0.000000 1.000000 1.882191 1.882191 1.882191
6345.164354 0.000000 1041.390658 0.000000 0.000000 0.000000 1.000000 0.851682 0.851682 0.851682
4538.586598 0.000000 1028.356626 0.000000 0.000000 0.000000 1.000000 1.865316 1.865316 1.865316
7535.974652 0.000000 1371.886505 0.000000 0.000000 0.000000 1.000000 0.777781 0.777781 0.777781
8513.887284 0.000000 124.366879 0.000000 0.000000 0.000000 1.000000 1.269914 1.269914 1.269914
8709.148426 0.000000 680.573684 0.000000 0.000000 0.000000 1.000000 1.110338 1.110338 1.110338
8399.080347 0.000000 1825.001560 0.000000 0.000000 0.000000 1.000000 1.860416 1.860416 1.860416
7866.971323 0.000000 1790.017826 0.000000 0.000000 0.000000 1.000000 1.047738 1.047738 1.047738
9034.186516 0.000000 1103.807729 0.000000 0.000000 0.000000 1.000000 1.871208 1.871208 1.871208
9022.431332 0.000000 830.356666 0.000000 0.000000 0.000000 1.000000 0.786935 0.786935 0.786935
8264.250242 0.000000 1176.459363 0.000000 0.000000 0.000000 1.000000 1.966816 1.966816 1.966816
7159.555976 0.000000 914.659552 0.000000 0.000000 0.000000 1.000000 1.062182 1.062182 1.062182
4923.920191 0.000000 697.680429 0.000000 0.000000 0.000000 1.000000 1.863397 1.863397 1.863397
6320.918161 0.000000 1036.942335 0.000000 0.000000 0.000000 1.000000 1.514588 1.514588 1.514588
7870.169610 0.000000 605.999699 0.000000 0.000000 0.000000 1.000000 1.942919 1.942919 1.942919
4858.584225 0.000000 684.167029 0.000000 0.000000 0.000000 1.000000 1.982082 1.982082 1.982082
4674.614565 0.000000 1090.589611 0.000000 0.000000 0.000000 1.000000 1.780967 1.780967 1.780967
6934.489734 0.000000 1000.206218 0.000000 0.000000 0.000000 1.000000 1.866117 1.866117 1.866117
6610.712228 0.000000 706.252061 0.000000 0.000000 0.000000 1.000000 1.337959 1.337959 1.337959
9052.059643 0.000000 1254.702820 0.000000 0.000000 0.000000 1.000000 1.684258 1.684258 1.684258
6703.483541 0.000000 1363.001012 0.000000 0.000000 0.000000 1.000000 1.322786 1.322786 1.322786
5548.721130 0.000000 368.475912 0.000000 0.000000 0.000000 1.000000 1.838676 1.838676 1.838676
4742.521402 0.000000 1220.032949 0.000000 0.000000 0.000000 1.000000 1.989170 1.989170 1.989170
6353.662326 0.000000 1132.154961 0.000000 0.000000 0.000000 1.000000 0.727366 0.727366 0.727366
5300.202708 0.000000 267.911505 0.000000 0.000000 0.000000 1.000000 1.842401 1.842401 1.842401
6351.292798 0.000000 549.148797 0.000000 0.000000 0.000000 1.000000 1.276133 1.276133 1.276133
7554.241842 0.000000 354.481405 0.000000 0.000000 0.000000 1.000000 1.685170 1.685170 1.685170
6928.890032 0.000000 458.211928 0.000000 0.000000 0.000000 1.000000 1.923047 1.923047 1.923047
8318.686320 0.000000 1095.804350 0.000000 0.000000 0.000000 1.000000 0.984654 0.984654 0.984654
5470.644540 0.000000 491.071363 0.000000 0.000000 0.000000 1.000000 0.905255 0.905255 0.905255
9073.114778 0.000000 925.867421 0.000000 0.000000 0.000000 1.000000 1.710816 1.710816 1.710816
8844.494017 0.000000 1198.906448 0.000000 0.000000 0.000000 1.000000 1.757506 1.757506 1.757506
7484.620418 0.000000 1631.242126 0.000000 0.000000 0.000000 1.000000 1.373732 1.373732 1.373732
6722.182451 0.000000 631.511882 0.000000 0.000000 0.000000 1.000000 1.471314 1.471314 1.471314
7731.940386 0.000000 690.354085 0.000000 0.000000 0.000000 1.000000 1.771534 1.771534 1.771534
6847.674414 0.000000 736.246611 0.000000 0.000000 0.000000 1.000000 1.511200 1.511200 1.511200
4771.098027 0.000000 1017.794066 0.000000 0.000000 0.000000 1.000000 1.645466 1.645466 1.645466
7052.224993 0.000000 945.417565 0.000000 0.000000 0.000000 1.000000 1.492443 1.492443 1.492443
7280.965277 0.000000 870.998806 0.000000 0.000000 0.000000 1.000000 1.890572 1.890572 1.890572
7082.160464 0.000000 552.452591 0.000000 0.000000 0.000000 1.000000 0.977979 0.977979 0.977979
6665.546765 0.000000 908.415533 0.000000 0.000000 0.000000 1.000000 0.745777 0.745777 0.745777
4901.895184 0.000000 545.828300 0.000000 0.000000 0.000000 1.000000 1.021115 1.021115 1.021115
4765.464166 0.000000 940.599116 0.000000 0.000000 0.000000 1.000000 1.013066 1.013066 1.013066
8828.222347 0.000000 1195.432760 0.000000 0.000000 0.000000 1.000000 0.885038 0.885038 0.885038
7303.747469 0.000000 831.396706 0.000000 0.000000 0.000000 1.000000 1.508694 1.508694 1.508694
5471.337117 0.000000 594.978057 0.000000 0.000000 0.000000 1.000000 0.995663 0.995663 0.995663
7829.553683 0.000000 1710.455477 0.000000 0.000000 0.000000 1.000000 1.281691 1.281691 1.281691
8270.861781 0.000000 1152.524180 0.000000 0.000000 0.000000 1.000000 1.812661 1.812661 1.812661
4999.802165 0.000000 1730.823832 0.000000 0.000000 0.000000 1.000000 1.890948 1.890948 1.890948
7486.472867 0.000000 1463.769072 0.000000 0.000000 0.000000 1.000000 1.829799 1.829799 1.829799
8748.761614 0.000000 949.917121 0.000000 0.000000 0.000000 1.000000 1.853368 1.853368 1.853368
6802.548742 0.000000 907.427266 0.000000 0.000000 0.000000 1.000000 0.938760 0.938760 0.938760
5425.267326 0.000000 251.555202 0.000000 0.000000 0.000000 1.000000 1.160735 1.160735 1.160735
7140.215919 0.000000 997.060123 0.000000 0.000000 0.000000 1.000000 1.980590 1.980590 1.980590
6917.345096 0.000000 1012.886157 0.000000 0.000000 0.000000 1.000000 1.344665 1.344665 1.344665
4851.486008 0.000000 639.522119 0.000000 0.000000 0.000000 1.000000 0.746531 0.746531 0.746531
8051.887942 0.000000 1859.053319 0.000000 0.000000 0.000000 1.000000 0.978081 0.978081 0.978081
4927.306152 0.000000 692.202781 0.000000 0.000000 0.000000 1.000000 0.713405 0.713405 0.713405
5308.515893 0.000000 960.413725 0.000000 0.000000 0.000000 1.000000 0.990178 0.990178 0.990178
5119.601121 0.000000 304.230891 0.000000 0.000000 0.000000 1.000000 1.249613 1.249613 1.249613
8120.456849 0.000000 918.316920 0.000000 0.000000 0.000000 1.000000 1.494279 1.494279 1.494279
8686.335566 0.000000 1292.947900 0.000000 0.000000 0.000000 1.000000 1.482687 1.482687 1.482687
6795.268868 0.000000 951.838721 0.000000 0.000000 0.000000 1.000000 0.706711 0.706711 0.706711
8834.057719 0.000000 946.801512 0.000000 0.000000 0.000000 1.000000 1.559042 1.559042 1.559042
5359.388140 0.000000 85.283252 0.000000 0.000000 0.000000 1.000000 1.838285 1.838285 1.838285
4624.176428 0.000000 1121.239268 0.000000 0.000000 0.000000 1.000000 1.970747 1.970747 1.970747
8640.634407 0.000000 1277.013715 0.000000 0.000000 0.000000 1.000000 1.815005 1.815005 1.815005
6868.250325 0.000000 398.853075 0.000000 0.000000 0.000000 1.000000 1.206544 1.206544 1.206544
8325.790237 0.000000 1184.789531 0.000000 0.000000 0.000000 1.000000 1.746442 1.746442 1.746442
8945.388003 0.000000 507.401398 0.000000 0.000000 0.000000 1.000000 1.059112 1.059112 1.059112
4755.697473 0.000000 918.416678 0.000000 0.000000 0.000000 1.000000 0.830761 0.830761 0.830761
5278.271738 0.000000 407.535688 0.000000 0.000000 0.000000 1.000000 1.174011 1.174011 1.174011
4504.222813 0.000000 1146.176274 0.000000 0.000000 0.000000 1.000000 1.226499 1.226499 1.226499
8890.610694 0.000000 1527.158735 0.000000 0.000000 0.000000 1.000000 1.142401 1.142401 1.142401
8173.798264 0.000000 120.102713 0.000000 0.000000 0.000000 1.000000 0.740385 0.740385 0.740385
8740.384530 0.000000 686.213094 0.000000 0.000000 0.000000 1.000000 1.947109 1.947109 1.947109
8810.811059 0.000000 818.747659 0.000000 0.000000 0.000000 1.000000 1.901055 1.901055 1.901055
5442.941825 0.000000 470.044725 0.000000 0.000000 0.000000 1.000000 1.995816 1.995816 1.995816
7135.470843 0.000000 1311.602329 0.000000 0.000000 0.000000 1.000000 1.482602 1.482602 1.482602
6814.430054 0.000000 371.770749 0.000000 0.000000 0.000000 1.000000 1.290026 1.290026 1.290026
7859.244158 0.000000 1673.435365 0.000000 0.000000 0.000000 1.000000 1.989074 1.989074 1.989074
6586.174491 0.000000 1060.421030 0.000000 0.000000 0.000000 1.000000 1.860842 1.860842 1.860842
8829.209989 0.000000 1268.336248 0.000000 0.000000 0.000000 1.000000 1.255766 1.255766 1.255766
4488.312674 0.000000 992.186717 0.000000 0.000000 0.000000 1.000000 1.898141 1.898141 1.898141
6420.447476 0.000000 364.986453 0.000000 0.000000 0.000000 1.000000 0.782922 0.782922 0.782922
6828.662835 0.000000 262.813201 0.000000 0.000000 0.000000 1.000000 1.021859 1.021859 1.021859
5333.239614 0.000000 93.888728 0.000000 0.000000 0.000000 1.000000 1.407164 1.407164 1.407164
7720.929021 0.000000 656.611748 0.000000 0.000000 0.000000 1.000000 0.976098 0.976098 0.976098
6791.415693 0.000000 664.453416 0.000000 0.000000 0.000000 1.000000 0.771734 0.771734 0.771734
5271.202119 0.000000 686.986800 0.000000 0.000000 0.000000 1.000000 0.759963 0.759963 0.759963
4662.159339 0.000000 1129.958810 0.000000 0.000000 0.000000 1.000000 0.934708 0.934708 0.934708
4763.174912 0.000000 472.364717 0.000000 0.000000 0.000000 1.000000 1.906843 1.906843 1.906843
7490.250085 0.000000 1398.368222 0.000000 0.000000 0.000000 1.000000 0.984169 0.984169 0.984169
5321.219192 0.000000 967.195940 0.000000 0.000000 0.000000 1.000000 1.436010 1.436010 1.436010
8212.894133 0.000000 118.487482 0.000000 0.000000 0.000000 1.000000 1.541874 1.541874 1.541874
4777.812804 0.000000 1249.718747 0.000000 0.000000 0.000000 1.000000 1.714960 1.714960 1.714960
8485.222702 0.000000 1248.038705 0.000000 0.000000 0.000000 1.000000 0.782872 0.782872 0.782872
8239.828523 0.000000 1129.906545 0.000000 0.000000 0.000000 1.000000 1.638340 1.638340 1.638340
8802.235357 0.000000 933.023626 0.000000 0.000000 0.000000 1.000000 1.861361 1.861361 1.861361
8974.890242 0.000000 1340.351720 0.000000 0.000000 0.000000 1.000000 1.925654 1.925654 1.925654
6643.809452 0.000000 1310.409265 0.000000 0.000000 0.000000 1.000000 1.278672 1.278672 1.278672
8408.897552 0.000000 1892.879201 0.000000 0.000000 0.000000 1.000000 1.215658 1.215658 1.215658
5012.205428 0.000000 1495.918096 0.000000 0.000000 0.000000 1.000000 1.668165 1.668165 1.668165
7491.253708 0.000000 1674.347329 0.000000 0.000000 0.000000 1.000000 1.436627 1.436627 1.436627
7214.761773 0.000000 876.311837 0.000000 0.000000 0.000000 1.000000 1.206191 1.206191 1.206191
4593.891581 0.000000 1012.986373 0.000000 0.000000 0.000000 1.000000 1.564583 1.564583 1.564583
4629.960871 0.000000 1005.995792 0.000000 0.000000 0.000000 1.000000 0.701028 0.701028 0.701028
8727.154874 0.000000 1011.019373 0.000000 0.000000 0.000000 1.000000 1.550456 1.550456 1.550456
8925.486288 0.000000 717.959818 0.000000 0.000000 0.000000 1.000000 1.038428 1.038428 1.038428
5551.789692 0.000000 469.839118 0.000000 0.000000 0.000000 1.000000 0.840228 0.840228 0.840228
4664.845604 0.000000 948.332017 0.000000 0.000000 0.000000 1.000000 1.075885 1.075885 1.075885
7990.072762 0.000000 1922.739049 0.000000 0.000000 0.000000 1.000000 1.160344 1.160344 1.160344
8923.925942 0.000000 1159.273281 0.000000 0.000000 0.000000 1.000000 1.017808 1.017808 1.017808
7523.604227 0.000000 1176.320926 0.000000 0.000000 0.000000 1.000000 1.520843 1.520843 1.520843
8553.898958 0.000000 1949.876468 0.000000 0.000000 0.000000 1.000000 1.330784 1.330784 1.330784
7989.167177 0.000000 742.005245 0.000000 0.000000 0.000000 1.000000 1.837034 1.837034 1.837034
5326.028401 0.000000 734.895852 0.000000 0.000000 0.000000 1.000000 1.728706 1.728706 1.728706
7826.615362 0.000000 1725.585493 0.000000 0.000000 0.000000 1.000000 1.801807 1.801807 1.801807
7032.532744 0.000000 1294.527849 0.000000 0.000000 0.000000 1.000000 1.303562 1.303562 1.303562
4709.940044 0.000000 917.562607 0.000000 0.000000 0.000000 1.000000 1.489953 1.489953 1.489953
6702.732757 0.000000 399.380112 0.000000 0.000000 0.000000 1.000000 1.889897 1.889897 1.889897
8682.783418 0.000000 966.671563 0.000000 0.000000 0.000000 1.000000 1.382536 1.382536 1.382536
4831.456902 0.000000 671.428885 0.000000 0.000000 0.000000 1.000000 1.105645 1.105645 1.105645
5313.763670 0.000000 666.207862 0.000000 0.000000 0.000000 1.000000 1.112388 1.112388 1.112388
8931.324905 0.000000 775.638350 0.000000 0.000000 0.000000 1.000000 1.601288 1.601288 1.601288
8714.909104 0.000000 203.570640 0.000000 0.000000 0.000000 1.000000 1.418540 1.418540 1.418540
7460.484657 0.000000 1166.087347 0.000000 0.000000 0.000000 1.000000 1.347382 1.347382 1.347382
8084.535280 0.000000 1730.395647 0.000000 0.000000 0.000000 1.000000 1.636298 1.636298 1.636298
7608.107776 0.000000 897.221277 0.000000 0.000000 0.000000 1.000000 1.621215 1.621215 1.621215
5092.440739 0.000000 619.022195 0.000000 0.000000 0.000000 1.000000 1.813403 1.813403 1.813403
7142.858821 0.000000 654.559173 0.000000 0.000000 0.000000 1.000000 1.250023 1.250023 1.250023
9126.929581 0.000000 909.957874 0.000000 0.000000 0.000000 1.000000 1.697212 1.697212 1.697212
9068.388823 0.000000 423.332124 0.000000 0.000000 0.000000 1.000000 1.902989 1.902989 1.902989
7483.304060 0.000000 530.972670 0.000000 0.000000 0.000000 1.000000 0.904851 0.904851 0.904851
8484.375924 0.000000 1229.442434 0.000000 0.000000 0.000000 1.000000 0.985193 0.985193 0.985193
8728.213369 0.000000 843.656462 0.000000 0.000000 0.000000 1.000000 1.841439 1.841439 1.841439
4953.999467 0.000000 464.649547 0.000000 0.000000 0.000000 1.000000 0.848074 0.848074 0.848074
4987.723740 0.000000 620.400758 0.000000 0.000000 0.000000 1.000000 0.716365 0.716365 0.716365
8794.919344 0.000000 930.418565 0.000000 0.000000 0.000000 1.000000 1.153850 1.153850 1.153850
6776.880777 0.000000 536.108351 0.000000 0.000000 0.000000 1.000000 1.959962 1.959962 1.959962
5092.301582 0.000000 477.998426 0.000000 0.000000 0.000000 1.000000 1.650837 1.650837 1.650837
7424.051378 0.000000 718.817744 0.000000 0.000000 0.000000 1.000000 1.233282 1.233282 1.233282
6816.982318 0.000000 282.538628 0.000000 0.000000 0.000000 1.000000 1.771178 1.771178 1.771178
7363.145586 0.000000 1404.393616 0.000000 0.000000 0.000000 1.000000 1.623408 1.623408 1.623408
7990.248370 0.000000 1679.191674 0.000000 0.000000 0.000000 1.000000 0.972431 0.972431 0.972431
4861.514667 0.000000 516.709355 0.000000 0.000000 0.000000 1.000000 0.786444 0.786444 0.786444
7030.650926 0.000000 646.275320 0.000000 0.000000 0.000000 1.000000 1.485114 1.485114 1.485114
5544.411123 0.000000 585.112930 0.000000 0.000000 0.000000 1.000000 1.524789 1.524789 1.524789
4737.256131 0.000000 945.417944 0.000000 0.000000 0.000000 1.000000 1.984477 1.984477 1.984477
6730.498444 0.000000 355.050735 0.000000 0.000000 0.000000 1.000000 1.861626 1.861626 1.861626
8117.072400 0.000000 689.684684 0.000000 0.000000 0.000000 1.000000 1.653937 1.653937 1.653937
8490.873036 0.000000 1071.152592 0.000000 0.000000 0.000000 1.000000 1.106342 1.106342 1.106342
9193.749438 0.000000 1091.578261 0.000000 0.000000 0.000000 1.000000 1.845801 1.845801 1.845801
6640.528619 0.000000 542.082860 0.000000 0.000000 0.000000 1.000000 1.650221 1.650221 1.650221
8961.426313 0.000000 276.023035 0.000000 0.000000 0.000000 1.000000 1.447089 1.447089 1.447089
9002.727855 0.000000 1183.001037 0.000000 0.000000 0.000000 1.000000 1.234825 1.234825 1.234825
7091.636928 0.000000 542.868081 0.000000 0.000000 0.000000 1.000000 1.061160 1.061160 1.061160
4684.614458 0.000000 1224.913448 0.000000 0.000000 0.000000 1.000000 0.836722 0.836722 0.836722
5672.661368 0.000000 1199.417818 0.000000 0.000000 0.000000 1.000000 1.124592 1.124592 1.124592
4741.786689 0.000000 1019.225176 0.000000 0.000000 0.000000 1.000000 1.191255 1.191255 1.191255
7488.770930 0.000000 1071.980829 0.000000 0.000000 0.000000 1.000000 1.753610 1.753610 1.753610
6773.462167 0.000000 1208.006651 0.000000 0.000000 0.000000 1.000000 1.861014 1.861014 1.861014
7435.387332 0.000000 1363.755362 0.000000 0.000000 0.000000 1.000000 1.317464 1.317464 1.317464
8834.949116 0.000000 1045.948184 0.000000 0.000000 0.000000 1.000000 0.907743 0.907743 0.907743
4819.002913 0.000000 1259.908990 0.000000 0.000000 0.000000 1.000000 1.555040 1.555040 1.555040
9233.945715 0.000000 1041.335738 0.000000 0.000000 0.000000 1.000000 1.664403 1.664403 1.664403
8955.916872 0.000000 408.595231 0.000000 0.000000 0.000000 1.000000 1.801635 1.801635 1.801635
7479.598483 0.000000 1447.595587 0.000000 0.000000 0.000000 1.000000 1.068923 1.068923 1.068923
7588.742433 0.000000 1052.098176 0.000000 0.000000 0.000000 1.000000 0.997242 0.997242 0.997242
8748.355172 0.000000 1008.030166 0.000000 0.000000 0.000000 1.000000 1.323476 1.323476 1.323476
6770.583816 0.000000 709.440643 0.000000 0.000000 0.000000 1.000000 1.727322 1.727322 1.727322
6836.987434 0.000000 920.396955 0.000000 0.000000 0.000000 1.000000 1.595010 1.595010 1.595010
5100.523118 0.000000 401.818978 0.000000 0.000000 0.000000 1.000000 1.159234 1.159234 1.159234
6908.417839 0.000000 369.414074 0.000000 0.000000 0.000000 1.000000 1.714091 1.714091 1.714091
7889.882137 0.000000 1644.840134 0.000000 0.000000 0.000000 1.000000 0.941729 0.941729 0.941729
4973.286797 0.000000 1466.595163 0.000000 0.000000 0.000000 1.000000 1.210208 1.210208 1.210208
7958.805617 0.000000 1806.328318 0.000000 0.000000 0.000000 1.000000 0.952717 0.952717 0.952717
4842.217205 0.000000 673.479335 0.000000 0.000000 0.000000 1.000000 1.894959 1.894959 1.894959
8895.736224 0.000000 1013.416959 0.000000 0.000000 0.000000 1.000000 1.787446 1.787446 1.787446
9054.605730 0.000000 824.166198 0.000000 0.000000 0.000000 1.000000 0.993317 0.993317 0.993317
5240.776470 0.000000 99.148212 0.000000 0.000000 0.000000 1.000000 0.952138 0.952138 0.952138
6907.662113 0.000000 363.091228 0.000000 0.000000 0.000000 1.000000 1.608844 1.608844 1.608844
8747.935953 0.000000 80.421574 0.000000 0.000000 0.000000 1.000000 1.489684 1.489684 1.489684
8723.117269 0.000000 862.738594 0.000000 0.000000 0.000000 1.000000 1.425964 1.425964 1.425964
4628.669612 0.000000 1062.914730 0.000000 0.000000 0.000000 1.000000 1.036250 1.036250 1.036250
7987.160724 0.000000 1645.763419 0.000000 0.000000 0.000000 1.000000 0.851972 0.851972 0.851972
6315.099478 0.000000 312.852400 0.000000 0.000000 0.000000 1.000000 1.049544 1.049544 1.049544
6694.776482 0.000000 515.896934 0.000000 0.000000 0.000000 1.000000 1.287460 1.287460 1.287460
4988.450671 0.000000 1342.262440 0.000000 0.000000 0.000000 1.000000 1.742876 1.742876 1.742876
7478.944299 0.000000 1149.815670 0.000000 0.000000 0.000000 1.000000 1.481607 1.481607 1.481607
8839.516248 0.000000 844.901322 0.000000 0.000000 0.000000 1.000000 1.601933 1.601933 1.601933
6908.384972 0.000000 988.056849 0.000000 0.000000 0.000000 1.000000 1.361733 1.361733 1.361733
7584.294319 0.000000 892.785123 0.000000 0.000000 0.000000 1.000000 0.787297 0.787297 0.787297
6647.691838 0.000000 63.726612 0.000000 0.000000 0.000000 1.000000 1.505575 1.505575 1.505575
5379.347968 0.000000 264.101221 0.000000 0.000000 0.000000 1.000000 1.051566 1.051566 1.051566
8525.831085 0.000000 1083.137480 0.000000 0.000000 0.000000 1.000000 1.813745 1.813745 1.813745
8746.987430 0.000000 1795.610139 0.000000 0.000000 0.000000 1.000000 0.752591 0.752591 0.752591
8456.735713 0.000000 1884.368071 0.000000 0.000000 0.000000 1.000000 1.410799 1.410799 1.410799
6838.604622 0.000000 1039.534559 0.000000 0.000000 0.000000 1.000000 1.240708 1.240708 1.240708
5399.882086 0.000000 267.808781 0.000000 0.000000 0.000000 1.000000 1.214174 1.214174 1.214174
8701.616228 0.000000 1150.559688 0.000000 0.000000 0.000000 1.000000 1.277897 1.277897 1.277897
7761.506848 0.000000 1392.216459 0.000000 0.000000 0.000000 1.000000 0.773662 0.773662 0.773662
9092.698065 0.000000 916.596845 0.000000 0.000000 0.000000 1.000000 0.856095 0.856095 0.856095
8926.796511 0.000000 1176.347688 0.000000 0.000000 0.000000 1.000000 1.568631 1.568631 1.568631
7465.713450 0.000000 1592.475039 0.000000 0.000000 0.000000 1.000000 1.989173 1.989173 1.989173
5159.017999 0.000000 387.945754 0.000000 0.000000 0.000000 1.000000 1.350701 1.350701 1.350701
4523.570989 0.000000 1128.348958 0.000000 0.000000 0.000000 1.000000 1.373030 1.373030 1.373030
9078.291479 0.000000 906.300689 0.000000 0.000000 0.000000 1.000000 1.249304 1.249304 1.249304
7013.956954 0.000000 490.720915 0.000000 0.000000 0.000000 1.000000 1.281443 1.281443 1.281443
6778.207614 0.000000 400.818042 0.000000 0.000000 0.000000 1.000000 1.579552 1.579552 1.579552
8516.234357 0.000000 1990.749348 0.000000 0.000000 0.000000 1.000000 1.268467 1.268467 1.268467
4457.295007 0.000000 1049.074796 0.000000 0.000000 0.000000 1.000000 0.969797 0.969797 0.969797
8127.323373 0.000000 1799.298967 0.000000 0.000000 0.000000 1.000000 1.478495 1.478495 1.478495
7937.546650 0.000000 1742.452667 0.000000 0.000000 0.000000 1.000000 1.869343 1.869343 1.869343
6694.164692 0.000000 1470.092972 0.000000 0.000000 0.000000 1.000000 1.169503 1.169503 1.169503
4751.532591 0.000000 1046.155153 0.000000 0.000000 0.000000 1.000000 1.317723 1.317723 1.317723
5427.226566 0.000000 768.245332 0.000000 0.000000 0.000000 1.000000 1.816282 1.816282 1.816282
7963.229214 0.000000 1632.088601 0.000000 0.000000 0.000000 1.000000 1.477059 1.477059 1.477059
8411.724875 0.000000 1764.527809 0.000000 0.000000 0.000000 1.000000 1.228317 1.228317 1.228317
5305.947772 0.000000 154.459621 0.000000 0.000000 0.000000 1.000000 1.562252 1.562252 1.562252
8827.686211 0.000000 1154.341334 0.000000 0.000000 0.000000 1.000000 1.113254 1.113254 1.113254
6973.740350 0.000000 331.244752 0.000000 0.000000 0.000000 1.000000 1.700200 1.700200 1.700200
6976.502631 0.000000 1333.325749 0.000000 0.000000 0.000000 1.000000 1.003090 1.003090 1.003090
7849.932385 0.000000 872.012818 0.000000 0.000000 0.000000 1.000000 1.581116 1.581116 1.581116
9128.873050 0.000000 1237.019978 0.000000 0.000000 0.000000 1.000000 1.952995 1.952995 1.952995
6652.776408 0.000000 581.072595 0.000000 0.000000 0.000000 1.000000 1.417686 1.417686 1.417686
5459.437455 0.000000 391.550908 0.000000 0.000000 0.000000 1.000000 0.856413 0.856413 0.856413
7002.377485 0.000000 1007.458395 0.000000 0.000000 0.000000 1.000000 1.687997 1.687997 1.687997
7790.562940 0.000000 1370.687656 0.000000 0.000000 0.000000 1.000000 1.728710 1.728710 1.728710
6612.289946 0.000000 388.245173 0.000000 0.000000 0.000000 1.000000 1.948237 1.948237 1.948237
5372.655635 0.000000 727.607403 0.000000 0.000000 0.000000 1.000000 0.876575 0.876575 0.876575
8919.290198 0.000000 1204.357717 0.000000 0.000000 0.000000 1.000000 1.075915 1.075915 1.075915
8685.095862 0.000000 1121.928778 0.000000 0.000000 0.000000 1.000000 0.946745 0.946745 0.946745
4497.072897 0.000000 1017.695909 0.000000 0.000000 0.000000 1.000000 1.147726 1.147726 1.147726
8985.781396 0.000000 970.373427 0.000000 0.000000 0.000000 1.000000 1.929535 1.929535 1.929535
5039.292880 0.000000 627.779654 0.000000 0.000000 0.000000 1.000000 1.123849 1.123849 1.123849
8548.235240 0.000000 1206.893968 0.000000 0.000000 0.000000 1.000000 1.926596 1.926596 1.926596
8837.023155 0.000000 1163.585044 0.000000 0.000000 0.000000 1.000000 0.774126 0.774126 0.774126
6742.745294 0.000000 558.361870 0.000000 0.000000 0.000000 1.000000 1.960705 1.960705 1.960705
8885.840599 0.000000 1210.973296 0.000000 0.000000 0.000000 1.000000 1.642491 1.642491 1.642491
5480.530135 0.000000 506.056012 0.000000 0.000000 0.000000 1.000000 1.681425 1.681425 1.681425
7364.969230 0.000000 553.011677 0.000000 0.000000 0.000000 1.000000 1.563332 1.563332 1.563332
4450.051374 0.000000 1071.639307 0.000000 0.000000 0.000000 1.000000 1.510160 1.510160 1.510160
8451.810570 0.000000 1253.806343 0.000000 0.000000 0.000000 1.000000 1.990723 1.990723 1.990723
7192.498494 0.000000 1465.877384 0.000000 0.000000 0.000000 1.000000 0.804778 0.804778 0.804778
4745.996209 0.000000 1285.942453 0.000000 0.000000 0.000000 1.000000 1.585962 1.585962 1.585962
8532.388315 0.000000 325.948666 0.000000 0.000000 0.000000 1.000000 1.529733 1.529733 1.529733
8790.572600 0.000000 817.212736 0.000000 0.000000 0.000000 1.000000 0.777838 0.777838 0.777838
5316.622118 0.000000 204.420016 0.000000 0.000000 0.000000 1.000000 1.487342 1.487342 1.487342
9008.549178 0.000000 917.739727 0.000000 0.000000 0.000000 1.000000 1.147689 1.147689 1.147689
5477.846016 0.000000 555.760881 0.000000 0.000000 0.000000 1.000000 0.889854 0.889854 0.889854
7279.231294 0.000000 1612.364126 0.000000 0.000000 0.000000 1.000000 1.964140 1.964140 1.964140
8932.329547 0.000000 988.324186 0.000000 0.000000 0.000000 1.000000 1.657354 1.657354 1.657354
5317.435706 0.000000 1001.648020 0.000000 0.000000 0.000000 1.000000 1.612516 1.612516 1.612516
6551.888786 0.000000 717.360686 0.000000 0.000000 0.000000 1.000000 0.730054 0.730054 0.730054
9061.269298 0.000000 1161.132441 0.000000 0.000000 0.000000 1.000000 1.845089 1.845089 1.845089
4824.366172 0.000000 449.154452 0.000000 0.000000 0.000000 1.000000 1.654922 1.654922 1.654922
8856.119978 0.000000 1063.864484 0.000000 0.000000 0.000000 1.000000 0.701788 0.701788 0.701788
8110.467636 0.000000 855.601376 0.000000 0.000000 0.000000 1.000000 1.068097 1.068097 1.068097
7155.046579 0.000000 142.754479 0.000000 0.000000 0.000000 1.000000 1.262404 1.262404 1.262404
5263.895042 0.000000 547.565861 0.000000 0.000000 0.000000 1.000000 1.120751 1.120751 1.120751
6572.041582 0.000000 627.924013 0.000000 0.000000 0.000000 1.000000 0.963862 0.963862 0.963862
7918.837380 0.000000 1726.819800 0.000000 0.000000 0.000000 1.000000 1.254009 1.254009 1.254009
5306.085287 0.000000 246.397913 0.000000 0.000000 0.000000 1.000000 0.991673 0.991673 0.991673
6857.658903 0.000000 1085.635116 0.000000 0.000000 0.000000 1.000000 1.256655 1.256655 1.256655
6856.668777 0.000000 895.594291 0.000000 0.000000 0.000000 1.000000 1.376951 1.376951 1.376951
5114.975923 0.000000 716.685412 0.000000 0.000000 0.000000 1.000000 1.985916 1.985916 1.985916
9118.300881 0.000000 1126.642393 0.000000 0.000000 0.000000 1.000000 0.999494 0.999494 0.999494
8500.521594 0.000000 378.720325 0.000000 0.000000 0.000000 1.000000 1.680874 1.680874 1.680874
9057.891370 0.000000 1281.076065 0.000000 0.000000 0.000000 1.000000 0.976926 0.976926 0.976926
8919.675647 0.000000 1336.881693 0.000000 0.000000 0.000000 1.000000 0.799995 0.799995 0.799995
7386.851550 0.000000 1387.302809 0.000000 0.000000 0.000000 1.000000 1.066645 1.066645 1.066645
4654.468656 0.000000 1205.349180 0.000000 0.000000 0.000000 1.000000 1.551939 1.551939 1.551939
6986.212382 0.000000 1316.916292 0.000000 0.000000 0.000000 1.000000 1.475305 1.475305 1.475305
4683.945749 0.000000 1097.977511 0.000000 0.000000 0.000000 1.000000 1.295569 1.295569 1.295569
7680.799850 0.000000 603.205354 0.000000 0.000000 0.000000 1.000000 1.502479 1.502479 1.502479
8914.030645 0.000000 1012.514134 0.000000 0.000000 0.000000 1.000000 1.029407 1.029407 1.029407
8235.059252 0.000000 1438.676299 0.000000 0.000000 0.000000 1.000000 1.210537 1.210537 1.210537
8928.762507 0.000000 1020.567312 0.000000 0.000000 0.000000 1.000000 0.978545 0.978545 0.978545
5275.537555 0.000000 986.000205 0.000000 0.000000 0.000000 1.000000 1.904246 1.904246 1.904246
4803.176429 0.000000 425.870169 0.000000 0.000000 0.000000 1.000000 0.809424 0.809424 0.809424
5374.232962 0.000000 805.101146 0.000000 0.000000 0.000000 1.000000 1.315884 1.315884 1.315884
7814.054219 0.000000 997.055702 0.000000 0.000000 0.000000 1.000000 1.249206 1.249206 1.249206
6952.297264 0.000000 308.626293 0.000000 0.000000 0.000000 1.000000 0.890915 0.890915 0.890915
6848.805990 0.000000 731.016100 0.000000 0.000000 0.000000 1.000000 1.869280 1.869280 1.869280
6955.688943 0.000000 627.720971 0.000000 0.000000 0.000000 1.000000 1.660711 1.660711 1.660711
9054.021090 0.000000 1299.128893 0.000000 0.000000 0.000000 1.000000 1.603564 1.603564 1.603564
9020.103337 0.000000 1351.058644 0.000000 0.000000 0.000000 1.000000 1.548773 1.548773 1.548773
4739.374708 0.000000 1030.430419 0.000000 0.000000 0.000000 1.000000 1.444891 1.444891 1.444891
8273.701889 0.000000 1411.178485 0.000000 0.000000 0.000000 1.000000 1.891047 1.891047 1.891047
8074.360981 0.000000 1733.493297 0.000000 0.000000 0.000000 1.000000 1.835947 1.835947 1.835947
8760.503242 0.000000 1202.447791 0.000000 0.000000 0.000000 1.000000 1.399609 1.399609 1.399609
8246.624870 0.000000 1085.477189 0.000000 0.000000 0.000000 1.000000 1.236284 1.236284 1.236284
7991.256451 0.000000 685.789010 0.000000 0.000000 0.000000 1.000000 1.727797 1.727797 1.727797
8013.730991 0.000000 769.369971 0.000000 0.000000 0.000000 1.000000 0.860944 0.860944 0.860944
6488.846945 0.000000 346.217999 0.000000 0.000000 0.000000 1.000000 0.738877 0.738877 0.738877
7317.136527 0.000000 1571.891662 0.000000 0.000000 0.000000 1.000000 1.808431 1.808431 1.808431
8942.795600 0.000000 276.417174 0.000000 0.000000 0.000000 1.000000 0.832310 0.832310 0.832310
9118.121084 0.000000 1093.910706 0.000000 0.000000 0.000000 1.000000 1.177039 1.177039 1.177039
4839.833467 0.000000 1222.389464 0.000000 0.000000 0.000000 1.000000 0.988702 0.988702 0.988702
5223.572377 0.000000 95.273310 0.000000 0.000000 0.000000 1.000000 1.596973 1.596973 1.596973
4569.838954 0.000000 1126.772541 0.000000 0.000000 0.000000 1.000000 1.826233 1.826233 1.826233
8862.131178 0.000000 1268.836510 0.000000 0.000000 0.000000 1.000000 0.967449 0.967449 0.967449
5106.361657 0.000000 1437.648073 0.000000 0.000000 0.000000 1.000000 0.843866 0.843866 0.843866
8555.737364 0.000000 120.286494 0.000000 0.000000 0.000000 1.000000 1.449818 1.449818 1.449818
7158.382179 0.000000 840.430729 0.000000 0.000000 0.000000 1.000000 1.090735 1.090735 1.090735
7602.526828 0.000000 919.414137 0.000000 0.000000 0.000000 1.000000 1.000121 1.000121 1.000121
8695.686106 0.000000 113.982419 0.000000 0.000000 0.000000 1.000000 1.836064 1.836064 1.836064
8574.831828 0.000000 140.199534 0.000000 0.000000 0.000000 1.000000 1.753657 1.753657 1.753657
7984.260464 0.000000 1812.796712 0.000000 0.000000 0.000000 1.000000 1.174666 1.174666 1.174666
8174.671781 0.000000 971.949172 0.000000 0.000000 0.000000 1.000000 0.859213 0.859213 0.859213
4876.817725 0.000000 602.836275 0.000000 0.000000 0.000000 1.000000 1.688963 1.688963 1.688963
8747.557638 0.000000 894.680719 0.000000 0.000000 0.000000 1.000000 1.845505 1.845505 1.845505
8101.005931 0.000000 1755.134105 0.000000 0.000000 0.000000 1.000000 1.256429 1.256429 1.256429
6605.161808 0.000000 439.936518 0.000000 0.000000 0.000000 1.000000 1.060632 1.060632 1.060632
7325.299581 0.000000 1489.490579 0.000000 0.000000 0.000000 1.000000 0.974983 0.974983 0.974983
6383.772843 0.000000 1111.191517 0.000000 0.000000 0.000000 1.000000 1.110977 1.110977 1.110977
7880.134589 0.000000 1041.099605 0.000000 0.000000 0.000000 1.000000 1.032171 1.032171 1.032171
6354.133286 0.000000 482.872309 0.000000 0.000000 0.000000 1.000000 1.839755 1.839755 1.839755
6614.329022 0.000000 518.588426 0.000000 0.000000 0.000000 1.000000 1.978646 1.978646 1.978646
8970.334811 0.000000 802.701630 0.000000 0.000000 0.000000 1.000000 1.047433 1.047433 1.047433
6761.141608 0.000000 1345.064550 0.000000 0.000000 0.000000 1.000000 1.262073 1.262073 1.262073
9030.182725 0.000000 1166.155801 0.000000 0.000000 0.000000 1.000000 0.885154 0.885154 0.885154
7834.953002 0.000000 1037.683469 0.000000 0.000000 0.000000 1.000000 1.235997 1.235997 1.235997
9013.832967 0.000000 1035.314931 0.000000 0.000000 0.000000 1.000000 1.932559 1.932559 1.932559
9095.418657 0.000000 481.591437 0.000000 0.000000 0.000000 1.000000 1.900447 1.900447 1.900447
7492.664072 0.000000 580.633900 0.000000 0.000000 0.000000 1.000000 1.600801 1.600801 1.600801
6600.051081 0.000000 419.166580 0.000000 0.000000 0.000000 1.000000 1.673640 1.673640 1.673640
8493.155812 0.000000 352.247817 0.000000 0.000000 0.000000 1.000000 1.536522 1.536522 1.536522
9034.763295 0.000000 1027.683981 0.000000 0.000000 0.000000 1.000000 1.989260 1.989260 1.989260
5450.991360 0.000000 458.767223 0.000000 0.000000 0.000000 1.000000 1.234653 1.234653 1.234653
6771.728382 0.000000 412.342923 0.000000 0.000000 0.000000 1.000000 1.055285 1.055285 1.055285
9145.884042 0.000000 927.055474 0.000000 0.000000 0.000000 1.000000 1.991969 1.991969 1.991969
6443.228811 0.000000 1123.779788 0.000000 0.000000 0.000000 1.000000 0.796469 0.796469 0.796469
5383.331072 0.000000 611.077278 0.000000 0.000000 0.000000 1.000000 1.287118 1.287118 1.287118
6319.137945 0.000000 255.622762 0.000000 0.000000 0.000000 1.000000 1.288628 1.288628 1.288628
9128.499677 0.000000 1074.645658 0.000000 0.000000 0.000000 1.000000 1.298052 1.298052 1.298052
5038.820321 0.000000 624.339796 0.000000 0.000000 0.000000 1.000000 0.817435 0.817435 0.817435
5245.575608 0.000000 550.797725 0.000000 0.000000 0.000000 1.000000 1.678151 1.678151 1.678151
7917.222159 0.000000 856.288530 0.000000 0.000000 0.000000 1.000000 1.436488 1.436488 1.436488
4682.812178 0.000000 1151.588476 0.000000 0.000000 0.000000 1.000000 0.810983 0.810983 0.810983
8758.709527 0.000000 1253.395281 0.000000 0.000000 0.000000 1.000000 1.468860 1.468860 1.468860
9031.989061 0.000000 1187.769664 0.000000 0.000000 0.000000 1.000000 1.272748 1.272748 1.272748
5023.241973 0.000000 597.166521 0.000000 0.000000 0.000000 1.000000 1.856881 1.856881 1.856881
7179.796232 0.000000 818.544825 0.000000 0.000000 0.000000 1.000000 1.774786 1.774786 1.774786
5030.752000 0.000000 446.181778 0.000000 0.000000 0.000000 1.000000 1.780598 1.780598 1.780598
4593.812543 0.000000 1254.010172 0.000000 0.000000 0.000000 1.000000 1.213212 1.213212 1.213212
6839.256279 0.000000 983.966886 0.000000 0.000000 0.000000 1.000000 0.922278 0.922278 0.922278
6633.599566 0.000000 1065.108933 0.000000 0.000000 0.000000 1.000000 1.996512 1.996512 1.996512
7105.793682 0.000000 551.717666 0.000000 0.000000 0.000000 1.000000 1.711069 1.711069 1.711069
5128.934231 0.000000 687.130866 0.000000 0.000000 0.000000 1.000000 1.084798 1.084798 1.084798
4646.936563 0.000000 983.497651 0.000000 0.000000 0.000000 1.000000 0.885419 0.885419 0.885419
8811.591740 0.000000 1261.146333 0.000000 0.000000 0.000000 1.000000 1.530990 1.530990 1.530990
8432.819506 0.000000 1133.744122 0.000000 0.000000 0.000000 1.000000 1.679123 1.679123 1.679123
7368.814325 0.000000 836.924587 0.000000 0.000000 0.000000 1.000000 1.336726 1.336726 1.336726
6799.966050 0.000000 367.616427 0.000000 0.000000 0.000000 1.000000 1.128133 1.128133 1.128133
8432.146348 0.000000 528.069161 0.000000 0.000000 0.000000 1.000000 1.391003 1.391003 1.391003
6221.469465 0.000000 1048.146674 0.000000 0.000000 0.000000 1.000000 0.888459 0.888459 0.888459
8048.860745 0.000000 1782.066798 0.000000 0.000000 0.000000 1.000000 1.302847 1.302847 1.302847
8932.787481 0.000000 740.792844 0.000000 0.000000 0.000000 1.000000 1.434100 1.434100 1.434100
8499.763015 0.000000 308.203836 0.000000 0.000000 0.000000 1.000000 1.094303 1.094303 1.094303
8970.394373 0.000000 1053.904736 0.000000 0.000000 0.000000 1.000000 1.930358 1.930358 1.930358
6736.078463 0.000000 733.989622 0.000000 0.000000 0.000000 1.000000 1.415376 1.415376 1.415376
4624.531469 0.000000 1356.795878 0.000000 0.000000 0.000000 1.000000 0.895951 0.895951 0.895951
4730.442095 0.000000 1348.510859 0.000000 0.000000 0.000000 1.000000 1.239009 1.239009 1.239009
6894.529413 0.000000 706.707966 0.000000 0.000000 0.000000 1.000000 1.388015 1.388015 1.388015
5466.971783 0.000000 672.186183 0.000000 0.000000 0.000000 1.000000 1.937727 1.937727 1.937727
7430.366643 0.000000 727.365034 0.000000 0.000000 0.000000 1.000000 1.705068 1.705068 1.705068
6604.318946 0.000000 393.105004 0.000000 0.000000 0.000000 1.000000 1.893585 1.893585 1.893585
7964.154256 0.000000 854.174862 0.000000 0.000000 0.000000 1.000000 1.167042 1.167042 1.167042
6579.314312 0.000000 1016.576446 0.000000 0.000000 0.000000 1.000000 1.308753 1.308753 1.308753
8969.771883 0.000000 946.966064 0.000000 0.000000 0.000000 1.000000 1.005873 1.005873 1.005873
5014.301103 0.000000 1462.459181 0.000000 0.000000 0.000000 1.000000 1.884465 1.884465 1.884465
9040.357087 0.000000 989.790112 0.000000 0.000000 0.000000 1.000000 0.967246 0.967246 0.967246
6322.764427 0.000000 558.074838 0.000000 0.000000 0.000000 1.000000 1.824117 1.824117 1.824117
8907.815852 0.000000 1250.683242 0.000000 0.000000 0.000000 1.000000 1.866232 1.866232 1.866232
9015.672422 0.000000 1168.621073 0.000000 0.000000 0.000000 1.000000 0.929642 0.929642 0.929642
7935.458295 0.000000 1794.958066 0.000000 0.000000 0.000000 1.000000 1.470751 1.470751 1.470751
6532.360445 0.000000 712.980113 0.000000 0.000000 0.000000 1.000000 1.535230 1.535230 1.535230
5278.635578 0.000000 1141.974886 0.000000 0.000000 0.000000 1.000000 1.492177 1.492177 1.492177
9059.711553 0.000000 945.436720 0.000000 0.000000 0.000000 1.000000 1.823555 1.823555 1.823555
6860.616254 0.000000 928.251559 0.000000 0.000000 0.000000 1.000000 1.738699 1.738699 1.738699
9099.967794 0.000000 1297.306887 0.000000 0.000000 0.000000 1.000000 0.746320 0.746320 0.746320
9026.714052 0.000000 936.290655 0.000000 0.000000 0.000000 1.000000 0.988462 0.988462 0.988462
8209.287506 0.000000 1427.870926 0.000000 0.000000 0.000000 1.000000 1.642679 1.642679 1.642679
6699.777047 0.000000 420.026968 0.000000 0.000000 0.000000 1.000000 1.598999 1.598999 1.598999
5364.322317 0.000000 657.249357 0.000000 0.000000 0.000000 1.000000 1.511809 1.511809 1.511809
7539.596653 0.000000 1044.065838 0.000000 0.000000 0.000000 1.000000 1.992530 1.992530 1.992530
7441.429680 0.000000 1471.265402 0.000000 0.000000 0.000000 1.000000 1.283458 1.283458 1.283458
8787.160300 0.000000 763.504405 0.000000 0.000000 0.000000 1.000000 1.003096 1.003096 1.003096
5465.612651 0.000000 502.104458 0.000000 0.000000 0.000000 1.000000 1.374014 1.374014 1.374014
9189.494047 0.000000 1041.833342 0.000000 0.000000 0.000000 1.000000 1.872960 1.872960 1.872960
5364.903820 0.000000 215.439001 0.000000 0.000000 0.000000 1.000000 1.083407 1.083407 1.083407
7506.674887 0.000000 1316.891958 0.000000 0.000000 0.000000 1.000000 1.527541 1.527541 1.527541
6335.207393 0.000000 999.983197 0.000000 0.000000 0.000000 1.000000 1.095752 1.095752 1.095752
8925.606594 0.000000 294.527686 0.000000 0.000000 0.000000 1.000000 1.982666 1.982666 1.982666
6762.334386 0.000000 985.268931 0.000000 0.000000 0.000000 1.000000 0.974013 0.974013 0.974013
4996.863467 0.000000 1512.073998 0.000000 0.000000 0.000000 1.000000 0.833226 0.833226 0.833226
6367.270795 0.000000 1050.293653 0.000000 0.000000 0.000000 1.000000 1.798379 1.798379 1.798379
5436.115818 0.000000 297.584217 0.000000 0.000000 0.000000 1.000000 1.959089 1.959089 1.959089
8443.231650 0.000000 1865.132628 0.000000 0.000000 0.000000 1.000000 1.313927 1.313927 1.313927
8762.931535 0.000000 1069.631289 0.000000 0.000000 0.000000 1.000000 1.603737 1.603737 1.603737
9035.741356 0.000000 493.599118 0.000000 0.000000 0.000000 1.000000 1.505867 1.505867 1.505867
8683.981270 0.000000 1300.980377 0.000000 0.000000 0.000000 1.000000 1.035126 1.035126 1.035126
8167.947686 0.000000 113.727833 0.000000 0.000000 0.000000 1.000000 1.949342 1.949342 1.949342
6857.984546 0.000000 907.663420 0.000000 0.000000 0.000000 1.000000 1.892250 1.892250 1.892250
6757.513491 0.000000 678.645402 0.000000 0.000000 0.000000 1.000000 0.907180 0.907180 0.907180
7969.356146 0.000000 1844.771718 0.000000 0.000000 0.000000 1.000000 0.733330 0.733330 0.733330
8761.883281 0.000000 744.172005 0.000000 0.000000 0.000000 1.000000 0.737118 0.737118 0.737118
6929.814917 0.000000 612.556048 0.000000 0.000000 0.000000 1.000000 1.825362 1.825362 1.825362
7898.783694 0.000000 1750.213653 0.000000 0.000000 0.000000 1.000000 0.897123 0.897123 0.897123
5382.798181 0.000000 534.096234 0.000000 0.000000 0.000000 1.000000 0.823974 0.823974 0.823974
"}
