object={
	name="patriam_lava_lakes"
	render_pass=Map
	clamp_to_water_level=no
	generated_content=no
	layer="lake_layer"
	pdxmesh="patriam_lava_lake_mesh"
	count=75
	transform="8008.140516 3.171996 1754.511674 0.000000 0.000000 0.000000 1.000000 96.087224 96.087224 96.087224
7442.898330 3.171996 1448.744573 0.000000 0.000000 0.000000 1.000000 37.159457 37.159457 37.159457
5005.879518 3.171996 1460.485533 0.000000 0.000000 0.000000 1.000000 7.382835 7.382835 7.382835
6803.904065 3.171996 1330.164423 0.000000 0.000000 0.000000 1.000000 18.000262 18.000262 18.000262
6993.099929 3.171996 1281.392116 0.000000 0.000000 0.000000 1.000000 45.941305 45.941305 45.941305
8896.879307 3.171996 1265.235381 0.000000 0.000000 0.000000 1.000000 55.739185 55.739185 55.739185
4542.079849 3.171996 1269.915828 0.000000 0.000000 0.000000 1.000000 12.427164 12.427164 12.427164
9058.698795 3.171996 1290.822804 0.000000 0.000000 0.000000 1.000000 7.974374 7.974374 7.974374
4725.778649 3.171996 1256.924499 0.000000 0.000000 0.000000 1.000000 11.410933 11.410933 11.410933
8737.059431 3.171996 1236.246274 0.000000 0.000000 0.000000 1.000000 26.845742 26.845742 26.845742
4675.915899 3.171996 1220.186229 0.000000 0.000000 0.000000 1.000000 12.427164 12.427164 12.427164
4505.776248 3.171996 1192.869910 0.000000 0.000000 0.000000 1.000000 15.948747 15.948747 15.948747
9125.297635 3.171996 1213.438795 0.000000 0.000000 0.000000 1.000000 9.042090 9.042090 9.042090
8732.007201 3.171996 1181.051804 0.000000 0.000000 0.000000 1.000000 16.231048 16.231048 16.231048
8816.406961 3.171996 1198.201678 0.000000 0.000000 0.000000 1.000000 7.382835 7.382835 7.382835
9009.552870 3.171996 1153.590823 0.000000 0.000000 0.000000 1.000000 61.351121 61.351121 61.351121
8295.212377 3.171996 1121.573770 0.000000 0.000000 0.000000 1.000000 52.637770 52.637770 52.637770
4524.507705 3.171996 1157.809582 0.000000 0.000000 0.000000 1.000000 11.410933 11.410933 11.410933
4683.461908 3.171996 1129.081780 0.000000 0.000000 0.000000 1.000000 28.381004 28.381004 28.381004
8773.170057 3.171996 1147.702241 0.000000 0.000000 0.000000 1.000000 13.591014 13.591014 13.591014
4512.632289 3.171996 1126.138675 0.000000 0.000000 0.000000 1.000000 8.700755 8.700755 8.700755
8767.765322 3.171996 1114.364038 0.000000 0.000000 0.000000 1.000000 11.802278 11.802278 11.802278
6329.722802 3.171996 1052.865073 0.000000 0.000000 0.000000 1.000000 49.525566 49.525566 49.525566
8929.083480 3.171996 1032.745617 0.000000 0.000000 0.000000 1.000000 55.357592 55.357592 55.357592
6917.971421 3.171996 1029.786147 0.000000 0.000000 0.000000 1.000000 32.274993 32.274993 32.274993
4694.589915 3.171996 1025.685556 0.000000 0.000000 0.000000 1.000000 9.042090 9.042090 9.042090
4599.903614 3.171996 1019.636364 0.000000 0.000000 0.000000 1.000000 6.960604 6.960604 6.960604
4745.060241 3.171996 1020.406780 0.000000 0.000000 0.000000 1.000000 6.960604 6.960604 6.960604
9019.104914 3.171996 986.690258 0.000000 0.000000 0.000000 1.000000 23.216510 23.216510 23.216510
7586.148021 3.171996 1000.265904 0.000000 0.000000 0.000000 1.000000 9.208014 9.208014 9.208014
4629.643085 3.171996 990.821487 0.000000 0.000000 0.000000 1.000000 18.822611 18.822611 18.822611
8865.679862 3.171996 951.509575 0.000000 0.000000 0.000000 1.000000 41.179489 41.179489 41.179489
6907.932742 3.171996 942.019066 0.000000 0.000000 0.000000 1.000000 16.599983 16.599983 16.599983
8969.773744 3.171996 948.397895 0.000000 0.000000 0.000000 1.000000 15.269763 15.269763 15.269763
7616.699467 3.171996 923.083916 0.000000 0.000000 0.000000 1.000000 31.274343 31.274343 31.274343
7071.504303 3.171996 920.362756 0.000000 0.000000 0.000000 1.000000 11.277467 11.277467 11.277467
9112.297724 3.171996 917.667523 0.000000 0.000000 0.000000 1.000000 11.673288 11.673288 11.673288
9087.845783 3.171996 918.249615 0.000000 0.000000 0.000000 1.000000 7.782192 7.782192 7.782192
9070.301779 3.171996 890.793455 0.000000 0.000000 0.000000 1.000000 7.974374 7.974374 7.974374
7910.072289 3.171996 867.061890 0.000000 0.000000 0.000000 1.000000 24.112240 24.112240 24.112240
8875.956388 3.171996 840.564219 0.000000 0.000000 0.000000 1.000000 55.302864 55.302864 55.302864
7971.560595 3.171996 868.770779 0.000000 0.000000 0.000000 1.000000 14.349653 14.349653 14.349653
8971.651941 3.171996 845.631290 0.000000 0.000000 0.000000 1.000000 17.314284 17.314284 17.314284
7205.628916 3.171996 854.870056 0.000000 0.000000 0.000000 1.000000 15.070150 15.070150 15.070150
7856.949576 3.171996 865.096616 0.000000 0.000000 0.000000 1.000000 9.042090 9.042090 9.042090
8703.492708 3.171996 848.360717 0.000000 0.000000 0.000000 1.000000 21.454022 21.454022 21.454022
8754.136888 3.171996 847.718847 0.000000 0.000000 0.000000 1.000000 11.929874 11.929874 11.929874
7438.507809 3.171996 739.033727 0.000000 0.000000 0.000000 1.000000 12.787446 12.787446 12.787446
6878.814092 3.171996 714.005500 0.000000 0.000000 0.000000 1.000000 15.466800 15.466800 15.466800
8771.428360 3.171996 699.475169 0.000000 0.000000 0.000000 1.000000 14.029546 14.029546 14.029546
4938.076576 3.171996 563.315783 0.000000 0.000000 0.000000 1.000000 118.573128 118.573128 118.573128
6787.323639 3.171996 686.736943 0.000000 0.000000 0.000000 1.000000 18.742000 18.742000 18.742000
6780.544191 3.171996 653.210757 0.000000 0.000000 0.000000 1.000000 20.367945 20.367945 20.367945
5406.739574 3.171996 595.218620 0.000000 0.000000 0.000000 1.000000 50.193629 50.193629 50.193629
5293.236948 3.171996 664.731382 0.000000 0.000000 0.000000 1.000000 9.531200 9.531200 9.531200
7787.497144 3.171996 658.406399 0.000000 0.000000 0.000000 1.000000 27.569177 27.569177 27.569177
6915.180723 3.171996 667.074730 0.000000 0.000000 0.000000 1.000000 9.843781 9.843781 9.843781
6570.545712 3.171996 637.510015 0.000000 0.000000 0.000000 1.000000 7.174826 7.174826 7.174826
5271.039065 3.171996 618.553112 0.000000 0.000000 0.000000 1.000000 9.996406 9.996406 9.996406
6606.339950 3.171996 580.288612 0.000000 0.000000 0.000000 1.000000 20.516078 20.516078 20.516078
7498.531806 3.171996 567.240465 0.000000 0.000000 0.000000 1.000000 27.126270 27.126270 27.126270
6566.735648 3.171996 580.771141 0.000000 0.000000 0.000000 1.000000 7.174826 7.174826 7.174826
4781.360321 3.171996 516.616333 0.000000 0.000000 0.000000 1.000000 30.140300 30.140300 30.140300
6788.626506 3.171996 529.352805 0.000000 0.000000 0.000000 1.000000 20.143704 20.143704 20.143704
5456.454156 3.171996 522.600507 0.000000 0.000000 0.000000 1.000000 13.366353 13.366353 13.366353
6744.719341 3.171996 466.396562 0.000000 0.000000 0.000000 1.000000 47.972653 47.972653 47.972653
4972.097295 3.171996 465.576417 0.000000 0.000000 0.000000 1.000000 17.915951 17.915951 17.915951
5041.164337 3.171996 433.750385 0.000000 0.000000 0.000000 1.000000 8.700755 8.700755 8.700755
6705.565020 3.171996 378.181893 0.000000 0.000000 0.000000 1.000000 31.563480 31.563480 31.563480
5031.392734 3.171996 367.348843 0.000000 0.000000 0.000000 1.000000 39.909824 39.909824 39.909824
6849.167642 3.171996 366.147480 0.000000 0.000000 0.000000 1.000000 10.294872 10.294872 10.294872
5324.821158 3.171996 228.461477 0.000000 0.000000 0.000000 1.000000 71.558090 71.558090 71.558090
6858.795181 3.171996 292.209553 0.000000 0.000000 0.000000 1.000000 7.782192 7.782192 7.782192
5433.339983 3.171996 260.715663 0.000000 0.000000 0.000000 1.000000 25.515622 25.515622 25.515622
6828.346753 3.171996 280.412793 0.000000 0.000000 0.000000 1.000000 11.142403 11.142403 11.142403
"}
